[35, 0, 0, 0.004853963851928711, 'SF:', 123, 'SB:', 76]
[35, 1, 0, 0.0025947093963623047, 'SF:', 113, 'SB:', 66]
[35, 2, 0, 0.0054209232330322266, 'SF:', 220, 'SB:', 173]
[35, 3, 0, 0.004239797592163086, 'SF:', 134, 'SB:', 87]
[35, 4, 0, 0.004052877426147461, 'SF:', 133, 'SB:', 86]
[35, 5, 0, 0.009137868881225586, 'SF:', 294, 'SB:', 247]
[35, 6, 0, 0.0069692134857177734, 'SF:', 215, 'SB:', 168]
[35, 7, 0, 0.002608776092529297, 'SF:', 109, 'SB:', 62]
[35, 8, 0, 0.007426023483276367, 'SF:', 184, 'SB:', 137]
[35, 9, 0, 0.0030689239501953125, 'SF:', 126, 'SB:', 79]
[34, 0, 0, 0.009161949157714844, 'SF:', 270, 'SB:', 222]
[34, 1, 0, 0.010262012481689453, 'SF:', 265, 'SB:', 217]
[34, 2, 0, 0.012661933898925781, 'SF:', 402, 'SB:', 354]
[34, 3, 0, 0.003571748733520508, 'SF:', 135, 'SB:', 87]
[34, 4, 0, 0.0021271705627441406, 'SF:', 88, 'SB:', 40]
[34, 5, 0, 0.0030128955841064453, 'SF:', 117, 'SB:', 69]
[34, 6, 0, 0.0027272701263427734, 'SF:', 112, 'SB:', 64]
[34, 7, 0, 0.0026810169219970703, 'SF:', 113, 'SB:', 65]
[34, 8, 0, 0.002213716506958008, 'SF:', 94, 'SB:', 46]
[34, 9, 0, 0.0034942626953125, 'SF:', 141, 'SB:', 93]
[33, 0, 0, 0.0036497116088867188, 'SF:', 132, 'SB:', 83]
[33, 1, 0, 0.007051229476928711, 'SF:', 211, 'SB:', 162]
[33, 2, 0, 0.006735086441040039, 'SF:', 217, 'SB:', 168]
[33, 3, 0, 0.0028569698333740234, 'SF:', 112, 'SB:', 63]
[33, 4, 0, 0.00736689567565918, 'SF:', 227, 'SB:', 178]
[33, 5, 0, 0.002585887908935547, 'SF:', 100, 'SB:', 51]
[33, 6, 0, 0.006927967071533203, 'SF:', 226, 'SB:', 177]
[33, 7, 0, 0.002953052520751953, 'SF:', 101, 'SB:', 52]
[33, 8, 0, 0.007462978363037109, 'SF:', 231, 'SB:', 182]
[33, 9, 0, 0.013885974884033203, 'SF:', 361, 'SB:', 312]
[32, 0, 0, 0.0031180381774902344, 'SF:', 121, 'SB:', 71]
[32, 1, 0, 0.012580156326293945, 'SF:', 348, 'SB:', 298]
[32, 2, 0, 0.01009511947631836, 'SF:', 272, 'SB:', 222]
[32, 3, 0, 0.011864185333251953, 'SF:', 275, 'SB:', 225]
[32, 4, 0, 0.06095695495605469, 'SF:', 1473, 'SB:', 1423]
[32, 5, 0, 0.011704206466674805, 'SF:', 336, 'SB:', 286]
[32, 6, 0, 0.004102945327758789, 'SF:', 147, 'SB:', 97]
[32, 7, 0, 0.014073848724365234, 'SF:', 344, 'SB:', 294]
[32, 8, 0, 0.031272172927856445, 'SF:', 848, 'SB:', 798]
[32, 9, 0, 0.044434309005737305, 'SF:', 898, 'SB:', 848]
[31, 0, 0, 0.003543853759765625, 'SF:', 117, 'SB:', 66]
[31, 1, 0, 0.018096923828125, 'SF:', 491, 'SB:', 440]
[31, 2, 0, 1.1414458751678467, 'SF:', 29700, 'SB:', 29649]
[31, 3, 0, 0.009293079376220703, 'SF:', 335, 'SB:', 284]
[31, 4, 0, 0.04545712471008301, 'SF:', 1085, 'SB:', 1034]
[31, 5, 0, 0.26068806648254395, 'SF:', 7343, 'SB:', 7292]
[31, 6, 0, 0.06660723686218262, 'SF:', 2052, 'SB:', 2001]
[31, 7, 0, 0.01617717742919922, 'SF:', 455, 'SB:', 404]
[31, 8, 0, 0.008091926574707031, 'SF:', 239, 'SB:', 188]
[31, 9, 0, 0.04475116729736328, 'SF:', 1212, 'SB:', 1161]
[30, 0, 0, 0.11790895462036133, 'SF:', 3016, 'SB:', 2964]
[30, 1, 0, 0.0448000431060791, 'SF:', 1184, 'SB:', 1132]
[30, 2, 0, 0.683243989944458, 'SF:', 15652, 'SB:', 15600]
[30, 3, 0, 0.17073464393615723, 'SF:', 5026, 'SB:', 4974]
[30, 4, 0, 0.030005931854248047, 'SF:', 703, 'SB:', 651]
[30, 5, 0, 0.6905500888824463, 'SF:', 15261, 'SB:', 15209]
[30, 6, 0, 0.05011105537414551, 'SF:', 1503, 'SB:', 1451]
[30, 7, 0, 0.011456966400146484, 'SF:', 331, 'SB:', 279]
[30, 8, 0, 0.003186941146850586, 'SF:', 120, 'SB:', 68]
[30, 9, 0, 0.0026221275329589844, 'SF:', 99, 'SB:', 47]
[29, 0, 0, 0.6297390460968018, 'SF:', 12592, 'SB:', 12539]
[29, 1, 0, 0.022593975067138672, 'SF:', 610, 'SB:', 557]
[29, 2, 0, 0.036975860595703125, 'SF:', 852, 'SB:', 799]
[29, 3, 0, 0.3074002265930176, 'SF:', 7420, 'SB:', 7367]
[29, 4, 0, 0.17223501205444336, 'SF:', 4264, 'SB:', 4211]
[29, 5, 0, 0.27385902404785156, 'SF:', 5657, 'SB:', 5604]
[29, 6, 0, 0.032618045806884766, 'SF:', 919, 'SB:', 866]
[29, 7, 0, 0.08687591552734375, 'SF:', 2394, 'SB:', 2341]
[29, 8, 0, 0.3505070209503174, 'SF:', 7971, 'SB:', 7918]
[29, 9, 0, 0.025449275970458984, 'SF:', 664, 'SB:', 611]
[28, 0, 0, 0.18030500411987305, 'SF:', 3800, 'SB:', 3746]
[28, 1, 0, 0.02797412872314453, 'SF:', 656, 'SB:', 602]
[28, 2, 0, 0.020308256149291992, 'SF:', 662, 'SB:', 608]
[28, 3, 0, 0.01572871208190918, 'SF:', 489, 'SB:', 435]
[28, 4, 0, 0.07394695281982422, 'SF:', 1583, 'SB:', 1529]
[28, 5, 0, 0.03887295722961426, 'SF:', 1266, 'SB:', 1212]
[28, 6, 0, 0.023183107376098633, 'SF:', 702, 'SB:', 648]
[28, 7, 0, 1.339660882949829, 'SF:', 29311, 'SB:', 29257]
[28, 8, 0, 0.012684106826782227, 'SF:', 342, 'SB:', 288]
[28, 9, 0, 0.011163949966430664, 'SF:', 301, 'SB:', 247]
[27, 0, 0, 0.13600897789001465, 'SF:', 2915, 'SB:', 2860]
[27, 1, 0, 0.04699087142944336, 'SF:', 1218, 'SB:', 1163]
[27, 2, 0, 0.04787707328796387, 'SF:', 1183, 'SB:', 1128]
[27, 3, 0, 0.013166189193725586, 'SF:', 405, 'SB:', 350]
[27, 4, 0, 0.02909398078918457, 'SF:', 863, 'SB:', 808]
[27, 5, 0, 2.2174837589263916, 'SF:', 54514, 'SB:', 54459]
[27, 6, 0, 0.033804893493652344, 'SF:', 896, 'SB:', 841]
[27, 7, 0, 0.01392674446105957, 'SF:', 367, 'SB:', 312]
[27, 8, 0, 0.11124920845031738, 'SF:', 2912, 'SB:', 2857]
[27, 9, 0, 0.009781122207641602, 'SF:', 249, 'SB:', 194]
[26, 0, 0, 0.1752779483795166, 'SF:', 4623, 'SB:', 4567]
[26, 1, 0, 0.878554105758667, 'SF:', 24763, 'SB:', 24707]
[26, 2, 0, 0.05684399604797363, 'SF:', 1400, 'SB:', 1344]
[26, 3, 0, 2.777467727661133, 'SF:', 62844, 'SB:', 62788]
[26, 4, 0, 0.1417069435119629, 'SF:', 3804, 'SB:', 3748]
[26, 5, 0, 0.026475906372070312, 'SF:', 626, 'SB:', 570]
[26, 6, 0, 0.16020894050598145, 'SF:', 2964, 'SB:', 2908]
[26, 7, 0, 4.993971347808838, 'SF:', 88520, 'SB:', 88464]
[26, 8, 0, 0.17660903930664062, 'SF:', 4932, 'SB:', 4876]
[26, 9, 0, 0.1680738925933838, 'SF:', 4952, 'SB:', 4896]
[25, 0, 0, 0.3537020683288574, 'SF:', 9846, 'SB:', 9789]
[25, 1, 0, 0.24455499649047852, 'SF:', 5106, 'SB:', 5049]
[25, 2, 0, 0.1661078929901123, 'SF:', 3771, 'SB:', 3714]
[25, 3, 0, 0.13186287879943848, 'SF:', 3496, 'SB:', 3439]
[25, 4, 0, 0.6897130012512207, 'SF:', 19234, 'SB:', 19177]
[25, 5, 0, 0.031213045120239258, 'SF:', 798, 'SB:', 741]
[25, 6, 0, 0.7152740955352783, 'SF:', 17072, 'SB:', 17015]
[25, 7, 0, 0.0041332244873046875, 'SF:', 124, 'SB:', 67]
[25, 8, 0, 0.056257009506225586, 'SF:', 1663, 'SB:', 1606]
[25, 9, 0, 0.04829096794128418, 'SF:', 1452, 'SB:', 1395]
[24, 0, 0, 0.008689165115356445, 'SF:', 215, 'SB:', 157]
[24, 1, 0, 0.06148099899291992, 'SF:', 1402, 'SB:', 1344]
[24, 2, 0, 0.10402679443359375, 'SF:', 2918, 'SB:', 2860]
[24, 3, 0, 0.09912300109863281, 'SF:', 2730, 'SB:', 2672]
[24, 4, 0, 0.22036099433898926, 'SF:', 4987, 'SB:', 4929]
[24, 5, 0, 0.004246234893798828, 'SF:', 144, 'SB:', 86]
[24, 6, 0, 3.823791027069092, 'SF:', 92592, 'SB:', 92534]
[24, 7, 0, 1.1179800033569336, 'SF:', 30212, 'SB:', 30154]
[24, 8, 0, 0.25765299797058105, 'SF:', 6716, 'SB:', 6658]
[24, 9, 0, 2.2089531421661377, 'SF:', 44980, 'SB:', 44922]
[23, 0, 0, 0.018910884857177734, 'SF:', 492, 'SB:', 433]
[23, 1, 0, 1.9417309761047363, 'SF:', 44039, 'SB:', 43980]
[23, 2, 0, 0.646198034286499, 'SF:', 16224, 'SB:', 16165]
[23, 3, 0, 0.44105100631713867, 'SF:', 12435, 'SB:', 12376]
[23, 4, 0, 0.5000910758972168, 'SF:', 12637, 'SB:', 12578]
[23, 5, 0, 0.4231569766998291, 'SF:', 9957, 'SB:', 9898]
[23, 6, 0, 0.03680610656738281, 'SF:', 1045, 'SB:', 986]
[23, 7, 0, 2.9233860969543457, 'SF:', 72249, 'SB:', 72190]
[23, 8, 0, 0.41820693016052246, 'SF:', 10550, 'SB:', 10491]
[23, 9, 0, 6.492445230484009, 'SF:', 153135, 'SB:', 153076]
[22, 0, 0, 0.7951450347900391, 'SF:', 25248, 'SB:', 25188]
[22, 1, 0, 0.28331899642944336, 'SF:', 7204, 'SB:', 7144]
[22, 2, 0, 0.01339101791381836, 'SF:', 348, 'SB:', 288]
[22, 3, 0, 0.4754638671875, 'SF:', 11398, 'SB:', 11338]
[22, 4, 0, 0.019711971282958984, 'SF:', 516, 'SB:', 456]
[22, 5, 0, 0.09044599533081055, 'SF:', 2159, 'SB:', 2099]
[22, 6, 0, 0.7751302719116211, 'SF:', 22602, 'SB:', 22542]
[22, 7, 0, 0.5906591415405273, 'SF:', 18108, 'SB:', 18048]
[22, 8, 0, 0.4139058589935303, 'SF:', 9820, 'SB:', 9760]
[22, 9, 0, 0.14696669578552246, 'SF:', 3261, 'SB:', 3201]
[21, 0, 0, 0.09006905555725098, 'SF:', 2289, 'SB:', 2228]
[21, 1, 0, 2.697962999343872, 'SF:', 76795, 'SB:', 76734]
[21, 2, 0, 0.14020395278930664, 'SF:', 3400, 'SB:', 3339]
[21, 3, 0, 0.7629520893096924, 'SF:', 23789, 'SB:', 23728]
[21, 4, 0, 0.31332921981811523, 'SF:', 7491, 'SB:', 7430]
[21, 5, 0, 0.31284093856811523, 'SF:', 9794, 'SB:', 9733]
[21, 6, 0, 0.08202123641967773, 'SF:', 2414, 'SB:', 2353]
[21, 7, 0, 0.30260300636291504, 'SF:', 7312, 'SB:', 7251]
[21, 8, 0, 3.8560218811035156, 'SF:', 93127, 'SB:', 93066]
[21, 9, 0, 105.46952772140503, 'SF:', 2301338, 'SB:', 2301277]
[20, 0, 0, 52.76446723937988, 'SF:', 1290170, 'SB:', 1290108]
[20, 1, 0, 4.526763916015625, 'SF:', 109395, 'SB:', 109333]
[20, 2, 0, 0.21553516387939453, 'SF:', 5831, 'SB:', 5769]
[20, 3, 0, 0.016705989837646484, 'SF:', 421, 'SB:', 359]
[20, 4, 0, 140.44902682304382, 'SF:', 4040150, 'SB:', 4040088]
[20, 5, 0, 0.00563502311706543, 'SF:', 181, 'SB:', 119]
[20, 6, 0, 0.03401803970336914, 'SF:', 954, 'SB:', 892]
[20, 7, 0, 0.21742701530456543, 'SF:', 6205, 'SB:', 6143]
[20, 8, 0, 0.03410816192626953, 'SF:', 954, 'SB:', 892]
[20, 9, 0, 0.30088114738464355, 'SF:', 7050, 'SB:', 6988]
[19, 0, 0, 105.22306299209595, 'SF:', 2361791, 'SB:', 2361728]
[19, 1, 0, 3.9272608757019043, 'SF:', 112124, 'SB:', 112061]
[19, 2, 0, 18.606159687042236, 'SF:', 438663, 'SB:', 438600]
[18, 0, 0, 911.8112208843231, 'SF:', 23756500, 'SB:', 23756436]
[18, 1, 0, 53.3657751083374, 'SF:', 1322209, 'SB:', 1322145]
[18, 2, 0, 60.880593061447144, 'SF:', 1493097, 'SB:', 1493033]
[18, 3, 0, 0.5009279251098633, 'SF:', 12541, 'SB:', 12477]
[18, 4, 0, 67.2834632396698, 'SF:', 1561275, 'SB:', 1561211]
[18, 5, 0, 74.87428689002991, 'SF:', 1749786, 'SB:', 1749722]
[18, 6, 0, 0.17207884788513184, 'SF:', 3906, 'SB:', 3842]
[18, 7, 0, 9.096879243850708, 'SF:', 224458, 'SB:', 224394]
[18, 8, 0, 35.28768014907837, 'SF:', 885745, 'SB:', 885681]
[18, 9, 0, 9.813981056213379, 'SF:', 242676, 'SB:', 242612]
[35, 0, 1, 0.020695209503173828, 'SF:', 83, 'SB:', 36]
[35, 1, 1, 0.025409936904907227, 'SF:', 97, 'SB:', 50]
[35, 2, 1, 0.027184009552001953, 'SF:', 104, 'SB:', 57]
[35, 3, 1, 0.01904916763305664, 'SF:', 82, 'SB:', 35]
[35, 4, 1, 0.021715879440307617, 'SF:', 86, 'SB:', 39]
[35, 5, 1, 0.04831433296203613, 'SF:', 137, 'SB:', 90]
[35, 6, 1, 0.04595589637756348, 'SF:', 134, 'SB:', 87]
[35, 7, 1, 0.01738119125366211, 'SF:', 82, 'SB:', 35]
[35, 8, 1, 0.01830291748046875, 'SF:', 83, 'SB:', 36]
[35, 9, 1, 0.026545047760009766, 'SF:', 101, 'SB:', 54]
[34, 0, 1, 0.02547621726989746, 'SF:', 90, 'SB:', 42]
[34, 1, 1, 0.021603107452392578, 'SF:', 88, 'SB:', 40]
[34, 2, 1, 0.06390619277954102, 'SF:', 172, 'SB:', 124]
[34, 3, 1, 0.027660846710205078, 'SF:', 106, 'SB:', 58]
[34, 4, 1, 0.018130064010620117, 'SF:', 82, 'SB:', 34]
[34, 5, 1, 0.0196688175201416, 'SF:', 88, 'SB:', 40]
[34, 6, 1, 0.019580841064453125, 'SF:', 85, 'SB:', 37]
[34, 7, 1, 0.019834041595458984, 'SF:', 83, 'SB:', 35]
[34, 8, 1, 0.018208026885986328, 'SF:', 82, 'SB:', 34]
[34, 9, 1, 0.01866602897644043, 'SF:', 82, 'SB:', 34]
[33, 0, 1, 0.02234482765197754, 'SF:', 87, 'SB:', 38]
[33, 1, 1, 0.03247880935668945, 'SF:', 110, 'SB:', 61]
[33, 2, 1, 0.023761987686157227, 'SF:', 90, 'SB:', 41]
[33, 3, 1, 0.0202789306640625, 'SF:', 83, 'SB:', 34]
[33, 4, 1, 0.01871323585510254, 'SF:', 82, 'SB:', 33]
[33, 5, 1, 0.021409034729003906, 'SF:', 82, 'SB:', 33]
[33, 6, 1, 0.023772001266479492, 'SF:', 95, 'SB:', 46]
[33, 7, 1, 0.020061016082763672, 'SF:', 84, 'SB:', 35]
[33, 8, 1, 0.02693486213684082, 'SF:', 105, 'SB:', 56]
[33, 9, 1, 0.10429215431213379, 'SF:', 237, 'SB:', 188]
[32, 0, 1, 0.02305006980895996, 'SF:', 82, 'SB:', 32]
[32, 1, 1, 0.0359189510345459, 'SF:', 112, 'SB:', 62]
[32, 2, 1, 0.04512786865234375, 'SF:', 142, 'SB:', 92]
[32, 3, 1, 0.03509020805358887, 'SF:', 115, 'SB:', 65]
[32, 4, 1, 0.09551215171813965, 'SF:', 213, 'SB:', 163]
[32, 5, 1, 0.06145906448364258, 'SF:', 152, 'SB:', 102]
[32, 6, 1, 0.031149864196777344, 'SF:', 107, 'SB:', 57]
[32, 7, 1, 0.05321335792541504, 'SF:', 141, 'SB:', 91]
[32, 8, 1, 0.07285904884338379, 'SF:', 182, 'SB:', 132]
[32, 9, 1, 0.0663149356842041, 'SF:', 173, 'SB:', 123]
[31, 0, 1, 0.023422956466674805, 'SF:', 86, 'SB:', 35]
[31, 1, 1, 0.05485796928405762, 'SF:', 143, 'SB:', 92]
[31, 2, 1, 4.840220928192139, 'SF:', 11081, 'SB:', 11030]
[31, 3, 1, 0.04519772529602051, 'SF:', 129, 'SB:', 78]
[31, 4, 1, 0.2730238437652588, 'SF:', 440, 'SB:', 389]
[31, 5, 1, 1.1340680122375488, 'SF:', 1915, 'SB:', 1864]
[31, 6, 1, 0.4307379722595215, 'SF:', 988, 'SB:', 937]
[31, 7, 1, 0.09522509574890137, 'SF:', 216, 'SB:', 165]
[31, 8, 1, 0.08486509323120117, 'SF:', 174, 'SB:', 123]
[31, 9, 1, 0.18686914443969727, 'SF:', 432, 'SB:', 381]
[30, 0, 1, 0.6651608943939209, 'SF:', 1042, 'SB:', 990]
[30, 1, 1, 0.25174379348754883, 'SF:', 490, 'SB:', 438]
[30, 2, 1, 2.8932600021362305, 'SF:', 4179, 'SB:', 4127]
[30, 3, 1, 1.187514066696167, 'SF:', 2328, 'SB:', 2276]
[30, 4, 1, 0.0976409912109375, 'SF:', 190, 'SB:', 138]
[30, 5, 1, 2.44057297706604, 'SF:', 2502, 'SB:', 2450]
[30, 6, 1, 0.32518601417541504, 'SF:', 646, 'SB:', 594]
[30, 7, 1, 0.07086706161499023, 'SF:', 162, 'SB:', 110]
[30, 8, 1, 0.0364232063293457, 'SF:', 88, 'SB:', 36]
[30, 9, 1, 0.047966957092285156, 'SF:', 83, 'SB:', 31]
[29, 0, 1, 0.35021090507507324, 'SF:', 334, 'SB:', 281]
[29, 1, 1, 0.07428193092346191, 'SF:', 167, 'SB:', 114]
[29, 2, 1, 0.1410970687866211, 'SF:', 297, 'SB:', 244]
[29, 3, 1, 1.173435926437378, 'SF:', 1907, 'SB:', 1854]
[29, 4, 1, 0.5778989791870117, 'SF:', 900, 'SB:', 847]
[29, 5, 1, 0.566723108291626, 'SF:', 812, 'SB:', 759]
[29, 6, 1, 0.19715213775634766, 'SF:', 338, 'SB:', 285]
[29, 7, 1, 0.44028782844543457, 'SF:', 689, 'SB:', 636]
[29, 8, 1, 0.8494043350219727, 'SF:', 1420, 'SB:', 1367]
[29, 9, 1, 0.10368585586547852, 'SF:', 213, 'SB:', 160]
[28, 0, 1, 0.5619838237762451, 'SF:', 788, 'SB:', 734]
[28, 1, 1, 0.1666398048400879, 'SF:', 334, 'SB:', 280]
[28, 2, 1, 0.1536099910736084, 'SF:', 323, 'SB:', 269]
[28, 3, 1, 0.05486798286437988, 'SF:', 138, 'SB:', 84]
[28, 4, 1, 0.21715712547302246, 'SF:', 351, 'SB:', 297]
[28, 5, 1, 0.11815977096557617, 'SF:', 244, 'SB:', 190]
[28, 6, 1, 0.07251310348510742, 'SF:', 173, 'SB:', 119]
[28, 7, 1, 8.172231912612915, 'SF:', 9783, 'SB:', 9729]
[28, 8, 1, 0.05048489570617676, 'SF:', 119, 'SB:', 65]
[28, 9, 1, 0.06775021553039551, 'SF:', 171, 'SB:', 117]
[27, 0, 1, 0.23903274536132812, 'SF:', 424, 'SB:', 369]
[27, 1, 1, 0.24341702461242676, 'SF:', 435, 'SB:', 380]
[27, 2, 1, 0.27587294578552246, 'SF:', 448, 'SB:', 393]
[27, 3, 1, 0.11594915390014648, 'SF:', 253, 'SB:', 198]
[27, 4, 1, 0.15816283226013184, 'SF:', 313, 'SB:', 258]
[27, 5, 1, 2.3971669673919678, 'SF:', 3880, 'SB:', 3825]
[27, 6, 1, 0.19469690322875977, 'SF:', 384, 'SB:', 329]
[27, 7, 1, 0.04731321334838867, 'SF:', 113, 'SB:', 58]
[27, 8, 1, 0.34368109703063965, 'SF:', 634, 'SB:', 579]
[27, 9, 1, 0.05573105812072754, 'SF:', 119, 'SB:', 64]
[26, 0, 1, 0.9967360496520996, 'SF:', 1751, 'SB:', 1695]
[26, 1, 1, 1.7725517749786377, 'SF:', 3131, 'SB:', 3075]
[26, 2, 1, 0.09537220001220703, 'SF:', 183, 'SB:', 127]
[26, 3, 1, 7.824318170547485, 'SF:', 9357, 'SB:', 9301]
[26, 4, 1, 0.33086109161376953, 'SF:', 539, 'SB:', 483]
[26, 5, 1, 0.04784393310546875, 'SF:', 130, 'SB:', 74]
[26, 6, 1, 0.10729789733886719, 'SF:', 203, 'SB:', 147]
[26, 7, 1, 5.702059030532837, 'SF:', 7620, 'SB:', 7564]
[26, 8, 1, 0.3676419258117676, 'SF:', 750, 'SB:', 694]
[26, 9, 1, 0.5481538772583008, 'SF:', 847, 'SB:', 791]
[25, 0, 1, 1.152662992477417, 'SF:', 2081, 'SB:', 2024]
[25, 1, 1, 0.6222858428955078, 'SF:', 805, 'SB:', 748]
[25, 2, 1, 0.6735281944274902, 'SF:', 883, 'SB:', 826]
[25, 3, 1, 0.16104602813720703, 'SF:', 269, 'SB:', 212]
[25, 4, 1, 1.0399510860443115, 'SF:', 1776, 'SB:', 1719]
[25, 5, 1, 0.09514403343200684, 'SF:', 202, 'SB:', 145]
[25, 6, 1, 2.66532301902771, 'SF:', 3609, 'SB:', 3552]
[25, 7, 1, 0.03318309783935547, 'SF:', 89, 'SB:', 32]
[25, 8, 1, 0.33024120330810547, 'SF:', 480, 'SB:', 423]
[25, 9, 1, 0.13696002960205078, 'SF:', 289, 'SB:', 232]
[24, 0, 1, 0.035954952239990234, 'SF:', 96, 'SB:', 38]
[24, 1, 1, 0.23665618896484375, 'SF:', 322, 'SB:', 264]
[24, 2, 1, 0.10332393646240234, 'SF:', 196, 'SB:', 138]
[24, 3, 1, 0.5404088497161865, 'SF:', 845, 'SB:', 787]
[24, 4, 1, 0.7610247135162354, 'SF:', 994, 'SB:', 936]
[24, 5, 1, 0.0379939079284668, 'SF:', 101, 'SB:', 43]
[24, 6, 1, 12.264878034591675, 'SF:', 18051, 'SB:', 17993]
[24, 7, 1, 5.996262311935425, 'SF:', 9763, 'SB:', 9705]
[24, 8, 1, 0.8150200843811035, 'SF:', 1480, 'SB:', 1422]
[24, 9, 1, 1.0863559246063232, 'SF:', 1339, 'SB:', 1281]
[23, 0, 1, 0.0699620246887207, 'SF:', 138, 'SB:', 79]
[23, 1, 1, 3.8912887573242188, 'SF:', 5859, 'SB:', 5800]
[23, 2, 1, 1.1004321575164795, 'SF:', 1573, 'SB:', 1514]
[23, 3, 1, 1.532871961593628, 'SF:', 2649, 'SB:', 2590]
[23, 4, 1, 1.6535539627075195, 'SF:', 2388, 'SB:', 2329]
[23, 5, 1, 1.29721999168396, 'SF:', 1334, 'SB:', 1275]
[23, 6, 1, 0.16291403770446777, 'SF:', 250, 'SB:', 191]
[23, 7, 1, 10.276445865631104, 'SF:', 13892, 'SB:', 13833]
[23, 8, 1, 0.7408170700073242, 'SF:', 978, 'SB:', 919]
[23, 9, 1, 17.555174827575684, 'SF:', 19787, 'SB:', 19728]
[22, 0, 1, 2.7013120651245117, 'SF:', 3661, 'SB:', 3601]
[22, 1, 1, 0.791377067565918, 'SF:', 1072, 'SB:', 1012]
[22, 2, 1, 0.06142592430114746, 'SF:', 129, 'SB:', 69]
[22, 3, 1, 1.050713062286377, 'SF:', 1394, 'SB:', 1334]
[22, 4, 1, 0.09579706192016602, 'SF:', 199, 'SB:', 139]
[22, 5, 1, 0.27330493927001953, 'SF:', 423, 'SB:', 363]
[22, 6, 1, 5.466749906539917, 'SF:', 8751, 'SB:', 8691]
[22, 7, 1, 0.8985939025878906, 'SF:', 1156, 'SB:', 1096]
[22, 8, 1, 2.073198080062866, 'SF:', 2956, 'SB:', 2896]
[22, 9, 1, 0.45023417472839355, 'SF:', 666, 'SB:', 606]
[21, 0, 1, 0.5492329597473145, 'SF:', 753, 'SB:', 692]
[21, 1, 1, 13.23003101348877, 'SF:', 20846, 'SB:', 20785]
[21, 2, 1, 0.8865501880645752, 'SF:', 1254, 'SB:', 1193]
[21, 3, 1, 3.660590887069702, 'SF:', 5507, 'SB:', 5446]
[21, 4, 1, 0.6057400703430176, 'SF:', 1000, 'SB:', 939]
[21, 5, 1, 1.8892319202423096, 'SF:', 2870, 'SB:', 2809]
[21, 6, 1, 0.10169100761413574, 'SF:', 179, 'SB:', 118]
[21, 7, 1, 1.1872539520263672, 'SF:', 1733, 'SB:', 1672]
[21, 8, 1, 11.600532054901123, 'SF:', 15269, 'SB:', 15208]
[21, 9, 1, 306.3437421321869, 'SF:', 326644, 'SB:', 326583]
[20, 0, 1, 163.85189580917358, 'SF:', 195952, 'SB:', 195890]
[20, 1, 1, 13.208261966705322, 'SF:', 16160, 'SB:', 16098]
[20, 2, 1, 1.261904239654541, 'SF:', 2064, 'SB:', 2002]
[20, 3, 1, 0.09420013427734375, 'SF:', 168, 'SB:', 106]
[20, 4, 1, 1014.4794871807098, 'SF:', 1424334, 'SB:', 1424272]
[20, 5, 1, 0.04033207893371582, 'SF:', 94, 'SB:', 32]
[20, 6, 1, 0.08142995834350586, 'SF:', 139, 'SB:', 77]
[20, 7, 1, 1.0827250480651855, 'SF:', 1514, 'SB:', 1452]
[20, 8, 1, 0.07623815536499023, 'SF:', 139, 'SB:', 77]
[20, 9, 1, 0.8983581066131592, 'SF:', 1103, 'SB:', 1041]
[19, 0, 1, 463.2760970592499, 'SF:', 454678, 'SB:', 454615]
[19, 1, 1, 27.65856909751892, 'SF:', 35435, 'SB:', 35372]
[19, 2, 1, 92.62464165687561, 'SF:', 92758, 'SB:', 92695]
[35, 0, 2, 0.019145965576171875, 'SF:', 47, 'SB:', 0]
[35, 1, 2, 0.018123149871826172, 'SF:', 47, 'SB:', 0]
[35, 2, 2, 0.018255949020385742, 'SF:', 47, 'SB:', 0]
[35, 3, 2, 0.02005290985107422, 'SF:', 47, 'SB:', 0]
[35, 4, 2, 0.018719911575317383, 'SF:', 47, 'SB:', 0]
[35, 5, 2, 0.019687175750732422, 'SF:', 47, 'SB:', 0]
[35, 6, 2, 0.018906116485595703, 'SF:', 47, 'SB:', 0]
[35, 7, 2, 0.0181119441986084, 'SF:', 47, 'SB:', 0]
[35, 8, 2, 0.01847982406616211, 'SF:', 47, 'SB:', 0]
[35, 9, 2, 0.019209861755371094, 'SF:', 47, 'SB:', 0]
[34, 0, 2, 0.020122051239013672, 'SF:', 48, 'SB:', 0]
[34, 1, 2, 0.0187530517578125, 'SF:', 48, 'SB:', 0]
[34, 2, 2, 0.018801212310791016, 'SF:', 48, 'SB:', 0]
[34, 3, 2, 0.019089937210083008, 'SF:', 48, 'SB:', 0]
[34, 4, 2, 0.018778085708618164, 'SF:', 48, 'SB:', 0]
[34, 5, 2, 0.018846988677978516, 'SF:', 48, 'SB:', 0]
[34, 6, 2, 0.017725229263305664, 'SF:', 48, 'SB:', 0]
[34, 7, 2, 0.01937270164489746, 'SF:', 48, 'SB:', 0]
[34, 8, 2, 0.018876075744628906, 'SF:', 48, 'SB:', 0]
[34, 9, 2, 0.02033090591430664, 'SF:', 48, 'SB:', 0]
[33, 0, 2, 0.020631074905395508, 'SF:', 49, 'SB:', 0]
[33, 1, 2, 0.02225804328918457, 'SF:', 49, 'SB:', 0]
[33, 2, 2, 0.020648956298828125, 'SF:', 49, 'SB:', 0]
[33, 3, 2, 0.021660327911376953, 'SF:', 49, 'SB:', 0]
[33, 4, 2, 0.02029275894165039, 'SF:', 49, 'SB:', 0]
[33, 5, 2, 0.019522905349731445, 'SF:', 49, 'SB:', 0]
[33, 6, 2, 0.019553184509277344, 'SF:', 49, 'SB:', 0]
[33, 7, 2, 0.01918315887451172, 'SF:', 49, 'SB:', 0]
[33, 8, 2, 0.019227027893066406, 'SF:', 49, 'SB:', 0]
[33, 9, 2, 0.018568992614746094, 'SF:', 49, 'SB:', 0]
[32, 0, 2, 0.0197601318359375, 'SF:', 50, 'SB:', 0]
[32, 1, 2, 0.020505666732788086, 'SF:', 50, 'SB:', 0]
[32, 2, 2, 0.021263837814331055, 'SF:', 50, 'SB:', 0]
[32, 3, 2, 0.020755290985107422, 'SF:', 50, 'SB:', 0]
[32, 4, 2, 0.02046990394592285, 'SF:', 50, 'SB:', 0]
[32, 5, 2, 0.02061009407043457, 'SF:', 50, 'SB:', 0]
[32, 6, 2, 0.019974946975708008, 'SF:', 50, 'SB:', 0]
[32, 7, 2, 0.0193789005279541, 'SF:', 50, 'SB:', 0]
[32, 8, 2, 0.020103931427001953, 'SF:', 50, 'SB:', 0]
[32, 9, 2, 0.021908998489379883, 'SF:', 50, 'SB:', 0]
[31, 0, 2, 0.08269500732421875, 'SF:', 128, 'SB:', 77]
[31, 1, 2, 0.04450416564941406, 'SF:', 82, 'SB:', 31]
[31, 2, 2, 0.28220605850219727, 'SF:', 393, 'SB:', 342]
[31, 3, 2, 0.07570004463195801, 'SF:', 127, 'SB:', 76]
[31, 4, 2, 0.0788869857788086, 'SF:', 119, 'SB:', 68]
[31, 5, 2, 0.11425518989562988, 'SF:', 165, 'SB:', 114]
[31, 6, 2, 0.2608299255371094, 'SF:', 381, 'SB:', 330]
[31, 7, 2, 0.024121761322021484, 'SF:', 54, 'SB:', 3]
[31, 8, 2, 0.25954675674438477, 'SF:', 342, 'SB:', 291]
[31, 9, 2, 0.04710984230041504, 'SF:', 85, 'SB:', 34]
[30, 0, 2, 0.15021705627441406, 'SF:', 214, 'SB:', 162]
[30, 1, 2, 0.1778578758239746, 'SF:', 251, 'SB:', 199]
[30, 2, 2, 0.07818317413330078, 'SF:', 122, 'SB:', 70]
[30, 3, 2, 1.1928009986877441, 'SF:', 1608, 'SB:', 1556]
[30, 4, 2, 0.02726125717163086, 'SF:', 60, 'SB:', 8]
[30, 5, 2, 0.028177738189697266, 'SF:', 61, 'SB:', 9]
[30, 6, 2, 0.5324029922485352, 'SF:', 753, 'SB:', 701]
[30, 7, 2, 0.019705772399902344, 'SF:', 52, 'SB:', 0]
[30, 8, 2, 0.06535696983337402, 'SF:', 108, 'SB:', 56]
[30, 9, 2, 0.03782010078430176, 'SF:', 69, 'SB:', 17]
[29, 0, 2, 0.022989988327026367, 'SF:', 53, 'SB:', 0]
[29, 1, 2, 0.03939414024353027, 'SF:', 75, 'SB:', 22]
[29, 2, 2, 0.02298593521118164, 'SF:', 53, 'SB:', 0]
[29, 3, 2, 0.02245616912841797, 'SF:', 53, 'SB:', 0]
[29, 4, 2, 0.10640215873718262, 'SF:', 151, 'SB:', 98]
[29, 5, 2, 0.11508774757385254, 'SF:', 168, 'SB:', 115]
[29, 6, 2, 0.02264404296875, 'SF:', 53, 'SB:', 0]
[29, 7, 2, 0.1227257251739502, 'SF:', 164, 'SB:', 111]
[29, 8, 2, 0.3164029121398926, 'SF:', 420, 'SB:', 367]
[29, 9, 2, 0.03603315353393555, 'SF:', 71, 'SB:', 18]
[28, 0, 2, 0.1413118839263916, 'SF:', 209, 'SB:', 155]
[28, 1, 2, 0.02259206771850586, 'SF:', 54, 'SB:', 0]
[28, 2, 2, 0.26157402992248535, 'SF:', 352, 'SB:', 298]
[28, 3, 2, 0.05790591239929199, 'SF:', 98, 'SB:', 44]
[28, 4, 2, 0.02313399314880371, 'SF:', 54, 'SB:', 0]
[28, 5, 2, 0.046720027923583984, 'SF:', 85, 'SB:', 31]
[28, 6, 2, 0.09711909294128418, 'SF:', 147, 'SB:', 93]
[28, 7, 2, 0.48473191261291504, 'SF:', 615, 'SB:', 561]
[28, 8, 2, 0.06838369369506836, 'SF:', 116, 'SB:', 62]
[28, 9, 2, 0.022312164306640625, 'SF:', 54, 'SB:', 0]
[27, 0, 2, 0.04746699333190918, 'SF:', 87, 'SB:', 32]
[27, 1, 2, 0.20035386085510254, 'SF:', 264, 'SB:', 209]
[27, 2, 2, 0.22739005088806152, 'SF:', 292, 'SB:', 237]
[27, 3, 2, 0.18899202346801758, 'SF:', 278, 'SB:', 223]
[27, 4, 2, 0.7001428604125977, 'SF:', 902, 'SB:', 847]
[27, 5, 2, 0.0384979248046875, 'SF:', 72, 'SB:', 17]
[27, 6, 2, 0.023935794830322266, 'SF:', 55, 'SB:', 0]
[27, 7, 2, 0.08221983909606934, 'SF:', 133, 'SB:', 78]
[27, 8, 2, 0.022547006607055664, 'SF:', 55, 'SB:', 0]
[27, 9, 2, 0.26845383644104004, 'SF:', 347, 'SB:', 292]
[26, 0, 2, 0.664226770401001, 'SF:', 833, 'SB:', 777]
[26, 1, 2, 0.1380617618560791, 'SF:', 198, 'SB:', 142]
[26, 2, 2, 0.05749988555908203, 'SF:', 99, 'SB:', 43]
[26, 3, 2, 0.06877708435058594, 'SF:', 110, 'SB:', 54]
[26, 4, 2, 0.41672515869140625, 'SF:', 531, 'SB:', 475]
[26, 5, 2, 0.054366111755371094, 'SF:', 98, 'SB:', 42]
[26, 6, 2, 0.02327108383178711, 'SF:', 56, 'SB:', 0]
[26, 7, 2, 0.8981549739837646, 'SF:', 1160, 'SB:', 1104]
[26, 8, 2, 0.023993968963623047, 'SF:', 56, 'SB:', 0]
[26, 9, 2, 0.13480925559997559, 'SF:', 193, 'SB:', 137]
[25, 0, 2, 0.026103973388671875, 'SF:', 57, 'SB:', 0]
[25, 1, 2, 1.5525329113006592, 'SF:', 1697, 'SB:', 1640]
[25, 2, 2, 0.03400087356567383, 'SF:', 67, 'SB:', 10]
[25, 3, 2, 0.1486058235168457, 'SF:', 196, 'SB:', 139]
[25, 4, 2, 0.3589210510253906, 'SF:', 451, 'SB:', 394]
[25, 5, 2, 0.04294300079345703, 'SF:', 80, 'SB:', 23]
[25, 6, 2, 0.5610737800598145, 'SF:', 661, 'SB:', 604]
[25, 7, 2, 0.17872071266174316, 'SF:', 250, 'SB:', 193]
[25, 8, 2, 0.03740501403808594, 'SF:', 69, 'SB:', 12]
[25, 9, 2, 0.0741109848022461, 'SF:', 114, 'SB:', 57]
[24, 0, 2, 0.14416885375976562, 'SF:', 158, 'SB:', 100]
[24, 1, 2, 0.6945703029632568, 'SF:', 797, 'SB:', 739]
[24, 2, 2, 0.05218935012817383, 'SF:', 88, 'SB:', 30]
[24, 3, 2, 0.37233924865722656, 'SF:', 454, 'SB:', 396]
[24, 4, 2, 0.552069902420044, 'SF:', 644, 'SB:', 586]
[24, 5, 2, 0.10095906257629395, 'SF:', 138, 'SB:', 80]
[24, 6, 2, 0.17058491706848145, 'SF:', 207, 'SB:', 149]
[24, 7, 2, 0.2161550521850586, 'SF:', 264, 'SB:', 206]
[24, 8, 2, 0.032260894775390625, 'SF:', 64, 'SB:', 6]
[24, 9, 2, 0.10069608688354492, 'SF:', 142, 'SB:', 84]
[23, 0, 2, 0.47844719886779785, 'SF:', 551, 'SB:', 492]
[23, 1, 2, 2.3162128925323486, 'SF:', 2440, 'SB:', 2381]
[23, 2, 2, 0.8299462795257568, 'SF:', 882, 'SB:', 823]
[23, 3, 2, 0.09333610534667969, 'SF:', 133, 'SB:', 74]
[23, 4, 2, 0.19406604766845703, 'SF:', 226, 'SB:', 167]
[23, 5, 2, 0.0277860164642334, 'SF:', 59, 'SB:', 0]
[23, 6, 2, 2.4073069095611572, 'SF:', 2688, 'SB:', 2629]
[23, 7, 2, 1.2410039901733398, 'SF:', 1460, 'SB:', 1401]
[23, 8, 2, 0.25145769119262695, 'SF:', 315, 'SB:', 256]
[23, 9, 2, 0.11629080772399902, 'SF:', 165, 'SB:', 106]
[22, 0, 2, 0.5254662036895752, 'SF:', 657, 'SB:', 597]
[22, 1, 2, 0.03761625289916992, 'SF:', 72, 'SB:', 12]
[22, 2, 2, 1.8832571506500244, 'SF:', 2275, 'SB:', 2215]
[22, 3, 2, 0.43866395950317383, 'SF:', 561, 'SB:', 501]
[22, 4, 2, 2.770545244216919, 'SF:', 3269, 'SB:', 3209]
[22, 5, 2, 0.14217185974121094, 'SF:', 189, 'SB:', 129]
[22, 6, 2, 1.1370930671691895, 'SF:', 1345, 'SB:', 1285]
[22, 7, 2, 0.3774878978729248, 'SF:', 459, 'SB:', 399]
[22, 8, 2, 0.03625607490539551, 'SF:', 70, 'SB:', 10]
[22, 9, 2, 0.04112577438354492, 'SF:', 79, 'SB:', 19]
[21, 0, 2, 0.14409708976745605, 'SF:', 194, 'SB:', 133]
[21, 1, 2, 0.08307504653930664, 'SF:', 118, 'SB:', 57]
[21, 2, 2, 1.1156909465789795, 'SF:', 1260, 'SB:', 1199]
[21, 3, 2, 0.8422338962554932, 'SF:', 969, 'SB:', 908]
[21, 4, 2, 0.5812618732452393, 'SF:', 658, 'SB:', 597]
[21, 5, 2, 0.8179011344909668, 'SF:', 943, 'SB:', 882]
[21, 6, 2, 0.8097307682037354, 'SF:', 965, 'SB:', 904]
[21, 7, 2, 0.20101714134216309, 'SF:', 263, 'SB:', 202]
[21, 8, 2, 5.173961877822876, 'SF:', 5944, 'SB:', 5883]
[21, 9, 2, 7.88771390914917, 'SF:', 8738, 'SB:', 8677]
[20, 0, 2, 5.258669137954712, 'SF:', 5672, 'SB:', 5610]
[20, 1, 2, 3.0840580463409424, 'SF:', 3313, 'SB:', 3251]
[20, 2, 2, 1.9761459827423096, 'SF:', 2290, 'SB:', 2228]
[20, 3, 2, 2.1304519176483154, 'SF:', 2383, 'SB:', 2321]
[20, 4, 2, 27.407416105270386, 'SF:', 29797, 'SB:', 29735]
[20, 5, 2, 7.61919379234314, 'SF:', 8695, 'SB:', 8633]
[20, 6, 2, 0.05998110771179199, 'SF:', 95, 'SB:', 33]
[20, 7, 2, 0.5761430263519287, 'SF:', 652, 'SB:', 590]
[20, 8, 2, 0.06413507461547852, 'SF:', 95, 'SB:', 33]
[20, 9, 2, 3.9780478477478027, 'SF:', 4476, 'SB:', 4414]
[19, 0, 2, 2.2486729621887207, 'SF:', 2584, 'SB:', 2521]
[19, 1, 2, 4.076476812362671, 'SF:', 4545, 'SB:', 4482]
[19, 2, 2, 0.035372018814086914, 'SF:', 70, 'SB:', 7]
[19, 3, 2, 0.030091047286987305, 'SF:', 63, 'SB:', 0]
[19, 4, 2, 0.028734922409057617, 'SF:', 63, 'SB:', 0]
[19, 5, 2, 0.03494095802307129, 'SF:', 67, 'SB:', 4]
[19, 6, 2, 0.032449960708618164, 'SF:', 67, 'SB:', 4]
[19, 7, 2, 0.04189801216125488, 'SF:', 73, 'SB:', 10]
[19, 8, 2, 0.034037113189697266, 'SF:', 64, 'SB:', 1]
[19, 9, 2, 0.03152608871459961, 'SF:', 63, 'SB:', 0]
[18, 0, 2, 2.791332960128784, 'SF:', 3039, 'SB:', 2975]
[18, 1, 2, 8.677382230758667, 'SF:', 9098, 'SB:', 9034]
[18, 2, 2, 23.293154001235962, 'SF:', 25281, 'SB:', 25217]
[18, 3, 2, 0.5408329963684082, 'SF:', 603, 'SB:', 539]
[18, 4, 2, 0.6785387992858887, 'SF:', 774, 'SB:', 710]
[18, 5, 2, 0.6930100917816162, 'SF:', 802, 'SB:', 738]
[18, 6, 2, 5.4509499073028564, 'SF:', 5734, 'SB:', 5670]
[18, 7, 2, 2.750971794128418, 'SF:', 2784, 'SB:', 2720]
[18, 8, 2, 13.055199384689331, 'SF:', 13190, 'SB:', 13126]
[18, 9, 2, 1.5703380107879639, 'SF:', 1528, 'SB:', 1464]
[17, 0, 2, 4.32024884223938, 'SF:', 4162, 'SB:', 4097]
[17, 1, 2, 1.0653538703918457, 'SF:', 1117, 'SB:', 1052]
[17, 2, 2, 9.281256914138794, 'SF:', 9578, 'SB:', 9513]
[17, 3, 2, 0.7825641632080078, 'SF:', 845, 'SB:', 780]
[17, 4, 2, 27.526062965393066, 'SF:', 27431, 'SB:', 27366]
[17, 5, 2, 2.494399070739746, 'SF:', 2463, 'SB:', 2398]
[17, 6, 2, 6.45337700843811, 'SF:', 6578, 'SB:', 6513]
[17, 7, 2, 2.858605146408081, 'SF:', 2887, 'SB:', 2822]
[17, 8, 2, 9.694881916046143, 'SF:', 9554, 'SB:', 9489]
[17, 9, 2, 0.995002269744873, 'SF:', 1011, 'SB:', 946]
