[35, 0, 2, 0.019145965576171875, 'SF:', 47, 'SB:', 0]
[35, 1, 2, 0.018123149871826172, 'SF:', 47, 'SB:', 0]
[35, 2, 2, 0.018255949020385742, 'SF:', 47, 'SB:', 0]
[35, 3, 2, 0.02005290985107422, 'SF:', 47, 'SB:', 0]
[35, 4, 2, 0.018719911575317383, 'SF:', 47, 'SB:', 0]
[35, 5, 2, 0.019687175750732422, 'SF:', 47, 'SB:', 0]
[35, 6, 2, 0.018906116485595703, 'SF:', 47, 'SB:', 0]
[35, 7, 2, 0.0181119441986084, 'SF:', 47, 'SB:', 0]
[35, 8, 2, 0.01847982406616211, 'SF:', 47, 'SB:', 0]
[35, 9, 2, 0.019209861755371094, 'SF:', 47, 'SB:', 0]
[34, 0, 2, 0.020122051239013672, 'SF:', 48, 'SB:', 0]
[34, 1, 2, 0.0187530517578125, 'SF:', 48, 'SB:', 0]
[34, 2, 2, 0.018801212310791016, 'SF:', 48, 'SB:', 0]
[34, 3, 2, 0.019089937210083008, 'SF:', 48, 'SB:', 0]
[34, 4, 2, 0.018778085708618164, 'SF:', 48, 'SB:', 0]
[34, 5, 2, 0.018846988677978516, 'SF:', 48, 'SB:', 0]
[34, 6, 2, 0.017725229263305664, 'SF:', 48, 'SB:', 0]
[34, 7, 2, 0.01937270164489746, 'SF:', 48, 'SB:', 0]
[34, 8, 2, 0.018876075744628906, 'SF:', 48, 'SB:', 0]
[34, 9, 2, 0.02033090591430664, 'SF:', 48, 'SB:', 0]
[33, 0, 2, 0.020631074905395508, 'SF:', 49, 'SB:', 0]
[33, 1, 2, 0.02225804328918457, 'SF:', 49, 'SB:', 0]
[33, 2, 2, 0.020648956298828125, 'SF:', 49, 'SB:', 0]
[33, 3, 2, 0.021660327911376953, 'SF:', 49, 'SB:', 0]
[33, 4, 2, 0.02029275894165039, 'SF:', 49, 'SB:', 0]
[33, 5, 2, 0.019522905349731445, 'SF:', 49, 'SB:', 0]
[33, 6, 2, 0.019553184509277344, 'SF:', 49, 'SB:', 0]
[33, 7, 2, 0.01918315887451172, 'SF:', 49, 'SB:', 0]
[33, 8, 2, 0.019227027893066406, 'SF:', 49, 'SB:', 0]
[33, 9, 2, 0.018568992614746094, 'SF:', 49, 'SB:', 0]
[32, 0, 2, 0.0197601318359375, 'SF:', 50, 'SB:', 0]
[32, 1, 2, 0.020505666732788086, 'SF:', 50, 'SB:', 0]
[32, 2, 2, 0.021263837814331055, 'SF:', 50, 'SB:', 0]
[32, 3, 2, 0.020755290985107422, 'SF:', 50, 'SB:', 0]
[32, 4, 2, 0.02046990394592285, 'SF:', 50, 'SB:', 0]
[32, 5, 2, 0.02061009407043457, 'SF:', 50, 'SB:', 0]
[32, 6, 2, 0.019974946975708008, 'SF:', 50, 'SB:', 0]
[32, 7, 2, 0.0193789005279541, 'SF:', 50, 'SB:', 0]
[32, 8, 2, 0.020103931427001953, 'SF:', 50, 'SB:', 0]
[32, 9, 2, 0.021908998489379883, 'SF:', 50, 'SB:', 0]
[31, 0, 2, 0.08269500732421875, 'SF:', 128, 'SB:', 77]
[31, 1, 2, 0.04450416564941406, 'SF:', 82, 'SB:', 31]
[31, 2, 2, 0.28220605850219727, 'SF:', 393, 'SB:', 342]
[31, 3, 2, 0.07570004463195801, 'SF:', 127, 'SB:', 76]
[31, 4, 2, 0.0788869857788086, 'SF:', 119, 'SB:', 68]
[31, 5, 2, 0.11425518989562988, 'SF:', 165, 'SB:', 114]
[31, 6, 2, 0.2608299255371094, 'SF:', 381, 'SB:', 330]
[31, 7, 2, 0.024121761322021484, 'SF:', 54, 'SB:', 3]
[31, 8, 2, 0.25954675674438477, 'SF:', 342, 'SB:', 291]
[31, 9, 2, 0.04710984230041504, 'SF:', 85, 'SB:', 34]
[30, 0, 2, 0.15021705627441406, 'SF:', 214, 'SB:', 162]
[30, 1, 2, 0.1778578758239746, 'SF:', 251, 'SB:', 199]
[30, 2, 2, 0.07818317413330078, 'SF:', 122, 'SB:', 70]
[30, 3, 2, 1.1928009986877441, 'SF:', 1608, 'SB:', 1556]
[30, 4, 2, 0.02726125717163086, 'SF:', 60, 'SB:', 8]
[30, 5, 2, 0.028177738189697266, 'SF:', 61, 'SB:', 9]
[30, 6, 2, 0.5324029922485352, 'SF:', 753, 'SB:', 701]
[30, 7, 2, 0.019705772399902344, 'SF:', 52, 'SB:', 0]
[30, 8, 2, 0.06535696983337402, 'SF:', 108, 'SB:', 56]
[30, 9, 2, 0.03782010078430176, 'SF:', 69, 'SB:', 17]
[29, 0, 2, 0.022989988327026367, 'SF:', 53, 'SB:', 0]
[29, 1, 2, 0.03939414024353027, 'SF:', 75, 'SB:', 22]
[29, 2, 2, 0.02298593521118164, 'SF:', 53, 'SB:', 0]
[29, 3, 2, 0.02245616912841797, 'SF:', 53, 'SB:', 0]
[29, 4, 2, 0.10640215873718262, 'SF:', 151, 'SB:', 98]
[29, 5, 2, 0.11508774757385254, 'SF:', 168, 'SB:', 115]
[29, 6, 2, 0.02264404296875, 'SF:', 53, 'SB:', 0]
[29, 7, 2, 0.1227257251739502, 'SF:', 164, 'SB:', 111]
[29, 8, 2, 0.3164029121398926, 'SF:', 420, 'SB:', 367]
[29, 9, 2, 0.03603315353393555, 'SF:', 71, 'SB:', 18]
[28, 0, 2, 0.1413118839263916, 'SF:', 209, 'SB:', 155]
[28, 1, 2, 0.02259206771850586, 'SF:', 54, 'SB:', 0]
[28, 2, 2, 0.26157402992248535, 'SF:', 352, 'SB:', 298]
[28, 3, 2, 0.05790591239929199, 'SF:', 98, 'SB:', 44]
[28, 4, 2, 0.02313399314880371, 'SF:', 54, 'SB:', 0]
[28, 5, 2, 0.046720027923583984, 'SF:', 85, 'SB:', 31]
[28, 6, 2, 0.09711909294128418, 'SF:', 147, 'SB:', 93]
[28, 7, 2, 0.48473191261291504, 'SF:', 615, 'SB:', 561]
[28, 8, 2, 0.06838369369506836, 'SF:', 116, 'SB:', 62]
[28, 9, 2, 0.022312164306640625, 'SF:', 54, 'SB:', 0]
[27, 0, 2, 0.04746699333190918, 'SF:', 87, 'SB:', 32]
[27, 1, 2, 0.20035386085510254, 'SF:', 264, 'SB:', 209]
[27, 2, 2, 0.22739005088806152, 'SF:', 292, 'SB:', 237]
[27, 3, 2, 0.18899202346801758, 'SF:', 278, 'SB:', 223]
[27, 4, 2, 0.7001428604125977, 'SF:', 902, 'SB:', 847]
[27, 5, 2, 0.0384979248046875, 'SF:', 72, 'SB:', 17]
[27, 6, 2, 0.023935794830322266, 'SF:', 55, 'SB:', 0]
[27, 7, 2, 0.08221983909606934, 'SF:', 133, 'SB:', 78]
[27, 8, 2, 0.022547006607055664, 'SF:', 55, 'SB:', 0]
[27, 9, 2, 0.26845383644104004, 'SF:', 347, 'SB:', 292]
[26, 0, 2, 0.664226770401001, 'SF:', 833, 'SB:', 777]
[26, 1, 2, 0.1380617618560791, 'SF:', 198, 'SB:', 142]
[26, 2, 2, 0.05749988555908203, 'SF:', 99, 'SB:', 43]
[26, 3, 2, 0.06877708435058594, 'SF:', 110, 'SB:', 54]
[26, 4, 2, 0.41672515869140625, 'SF:', 531, 'SB:', 475]
[26, 5, 2, 0.054366111755371094, 'SF:', 98, 'SB:', 42]
[26, 6, 2, 0.02327108383178711, 'SF:', 56, 'SB:', 0]
[26, 7, 2, 0.8981549739837646, 'SF:', 1160, 'SB:', 1104]
[26, 8, 2, 0.023993968963623047, 'SF:', 56, 'SB:', 0]
[26, 9, 2, 0.13480925559997559, 'SF:', 193, 'SB:', 137]
[25, 0, 2, 0.026103973388671875, 'SF:', 57, 'SB:', 0]
[25, 1, 2, 1.5525329113006592, 'SF:', 1697, 'SB:', 1640]
[25, 2, 2, 0.03400087356567383, 'SF:', 67, 'SB:', 10]
[25, 3, 2, 0.1486058235168457, 'SF:', 196, 'SB:', 139]
[25, 4, 2, 0.3589210510253906, 'SF:', 451, 'SB:', 394]
[25, 5, 2, 0.04294300079345703, 'SF:', 80, 'SB:', 23]
[25, 6, 2, 0.5610737800598145, 'SF:', 661, 'SB:', 604]
[25, 7, 2, 0.17872071266174316, 'SF:', 250, 'SB:', 193]
[25, 8, 2, 0.03740501403808594, 'SF:', 69, 'SB:', 12]
[25, 9, 2, 0.0741109848022461, 'SF:', 114, 'SB:', 57]
[24, 0, 2, 0.14416885375976562, 'SF:', 158, 'SB:', 100]
[24, 1, 2, 0.6945703029632568, 'SF:', 797, 'SB:', 739]
[24, 2, 2, 0.05218935012817383, 'SF:', 88, 'SB:', 30]
[24, 3, 2, 0.37233924865722656, 'SF:', 454, 'SB:', 396]
[24, 4, 2, 0.552069902420044, 'SF:', 644, 'SB:', 586]
[24, 5, 2, 0.10095906257629395, 'SF:', 138, 'SB:', 80]
[24, 6, 2, 0.17058491706848145, 'SF:', 207, 'SB:', 149]
[24, 7, 2, 0.2161550521850586, 'SF:', 264, 'SB:', 206]
[24, 8, 2, 0.032260894775390625, 'SF:', 64, 'SB:', 6]
[24, 9, 2, 0.10069608688354492, 'SF:', 142, 'SB:', 84]
[23, 0, 2, 0.47844719886779785, 'SF:', 551, 'SB:', 492]
[23, 1, 2, 2.3162128925323486, 'SF:', 2440, 'SB:', 2381]
[23, 2, 2, 0.8299462795257568, 'SF:', 882, 'SB:', 823]
[23, 3, 2, 0.09333610534667969, 'SF:', 133, 'SB:', 74]
[23, 4, 2, 0.19406604766845703, 'SF:', 226, 'SB:', 167]
[23, 5, 2, 0.0277860164642334, 'SF:', 59, 'SB:', 0]
[23, 6, 2, 2.4073069095611572, 'SF:', 2688, 'SB:', 2629]
[23, 7, 2, 1.2410039901733398, 'SF:', 1460, 'SB:', 1401]
[23, 8, 2, 0.25145769119262695, 'SF:', 315, 'SB:', 256]
[23, 9, 2, 0.11629080772399902, 'SF:', 165, 'SB:', 106]
[22, 0, 2, 0.5254662036895752, 'SF:', 657, 'SB:', 597]
[22, 1, 2, 0.03761625289916992, 'SF:', 72, 'SB:', 12]
[22, 2, 2, 1.8832571506500244, 'SF:', 2275, 'SB:', 2215]
[22, 3, 2, 0.43866395950317383, 'SF:', 561, 'SB:', 501]
[22, 4, 2, 2.770545244216919, 'SF:', 3269, 'SB:', 3209]
[22, 5, 2, 0.14217185974121094, 'SF:', 189, 'SB:', 129]
[22, 6, 2, 1.1370930671691895, 'SF:', 1345, 'SB:', 1285]
[22, 7, 2, 0.3774878978729248, 'SF:', 459, 'SB:', 399]
[22, 8, 2, 0.03625607490539551, 'SF:', 70, 'SB:', 10]
[22, 9, 2, 0.04112577438354492, 'SF:', 79, 'SB:', 19]
[21, 0, 2, 0.14409708976745605, 'SF:', 194, 'SB:', 133]
[21, 1, 2, 0.08307504653930664, 'SF:', 118, 'SB:', 57]
[21, 2, 2, 1.1156909465789795, 'SF:', 1260, 'SB:', 1199]
[21, 3, 2, 0.8422338962554932, 'SF:', 969, 'SB:', 908]
[21, 4, 2, 0.5812618732452393, 'SF:', 658, 'SB:', 597]
[21, 5, 2, 0.8179011344909668, 'SF:', 943, 'SB:', 882]
[21, 6, 2, 0.8097307682037354, 'SF:', 965, 'SB:', 904]
[21, 7, 2, 0.20101714134216309, 'SF:', 263, 'SB:', 202]
[21, 8, 2, 5.173961877822876, 'SF:', 5944, 'SB:', 5883]
[21, 9, 2, 7.88771390914917, 'SF:', 8738, 'SB:', 8677]
[20, 0, 2, 5.258669137954712, 'SF:', 5672, 'SB:', 5610]
[20, 1, 2, 3.0840580463409424, 'SF:', 3313, 'SB:', 3251]
[20, 2, 2, 1.9761459827423096, 'SF:', 2290, 'SB:', 2228]
[20, 3, 2, 2.1304519176483154, 'SF:', 2383, 'SB:', 2321]
[20, 4, 2, 27.407416105270386, 'SF:', 29797, 'SB:', 29735]
[20, 5, 2, 7.61919379234314, 'SF:', 8695, 'SB:', 8633]
[20, 6, 2, 0.05998110771179199, 'SF:', 95, 'SB:', 33]
[20, 7, 2, 0.5761430263519287, 'SF:', 652, 'SB:', 590]
[20, 8, 2, 0.06413507461547852, 'SF:', 95, 'SB:', 33]
[20, 9, 2, 3.9780478477478027, 'SF:', 4476, 'SB:', 4414]
[19, 0, 2, 2.2486729621887207, 'SF:', 2584, 'SB:', 2521]
[19, 1, 2, 4.076476812362671, 'SF:', 4545, 'SB:', 4482]
[19, 2, 2, 0.035372018814086914, 'SF:', 70, 'SB:', 7]
[19, 3, 2, 0.030091047286987305, 'SF:', 63, 'SB:', 0]
[19, 4, 2, 0.028734922409057617, 'SF:', 63, 'SB:', 0]
[19, 5, 2, 0.03494095802307129, 'SF:', 67, 'SB:', 4]
[19, 6, 2, 0.032449960708618164, 'SF:', 67, 'SB:', 4]
[19, 7, 2, 0.04189801216125488, 'SF:', 73, 'SB:', 10]
[19, 8, 2, 0.034037113189697266, 'SF:', 64, 'SB:', 1]
[19, 9, 2, 0.03152608871459961, 'SF:', 63, 'SB:', 0]
[18, 0, 2, 2.791332960128784, 'SF:', 3039, 'SB:', 2975]
[18, 1, 2, 8.677382230758667, 'SF:', 9098, 'SB:', 9034]
[18, 2, 2, 23.293154001235962, 'SF:', 25281, 'SB:', 25217]
[18, 3, 2, 0.5408329963684082, 'SF:', 603, 'SB:', 539]
[18, 4, 2, 0.6785387992858887, 'SF:', 774, 'SB:', 710]
[18, 5, 2, 0.6930100917816162, 'SF:', 802, 'SB:', 738]
[18, 6, 2, 5.4509499073028564, 'SF:', 5734, 'SB:', 5670]
[18, 7, 2, 2.750971794128418, 'SF:', 2784, 'SB:', 2720]
[18, 8, 2, 13.055199384689331, 'SF:', 13190, 'SB:', 13126]
[18, 9, 2, 1.5703380107879639, 'SF:', 1528, 'SB:', 1464]
[17, 0, 2, 4.32024884223938, 'SF:', 4162, 'SB:', 4097]
[17, 1, 2, 1.0653538703918457, 'SF:', 1117, 'SB:', 1052]
[17, 2, 2, 9.281256914138794, 'SF:', 9578, 'SB:', 9513]
[17, 3, 2, 0.7825641632080078, 'SF:', 845, 'SB:', 780]
[17, 4, 2, 27.526062965393066, 'SF:', 27431, 'SB:', 27366]
[17, 5, 2, 2.494399070739746, 'SF:', 2463, 'SB:', 2398]
[17, 6, 2, 6.45337700843811, 'SF:', 6578, 'SB:', 6513]
[17, 7, 2, 2.858605146408081, 'SF:', 2887, 'SB:', 2822]
[17, 8, 2, 9.694881916046143, 'SF:', 9554, 'SB:', 9489]
[17, 9, 2, 0.995002269744873, 'SF:', 1011, 'SB:', 946]
