[35, 0, 0, 0.004853963851928711, 'SF:', 123, 'SB:', 76]
[35, 0, 1, 0.05118989944458008, 'SF:', 123, 'SB:', 76]
[35, 0, 2, 0.019012928009033203, 'SF:', 47, 'SB:', 0]
[35, 1, 0, 0.0025947093963623047, 'SF:', 113, 'SB:', 66]
[35, 1, 1, 0.027457237243652344, 'SF:', 113, 'SB:', 66]
[35, 1, 2, 0.01815199851989746, 'SF:', 47, 'SB:', 0]
[35, 2, 0, 0.0054209232330322266, 'SF:', 220, 'SB:', 173]
[35, 2, 1, 0.06446003913879395, 'SF:', 220, 'SB:', 173]
[35, 2, 2, 0.0184478759765625, 'SF:', 47, 'SB:', 0]
[35, 3, 0, 0.004239797592163086, 'SF:', 134, 'SB:', 87]
[35, 3, 1, 0.04659676551818848, 'SF:', 134, 'SB:', 87]
[35, 3, 2, 0.018713951110839844, 'SF:', 47, 'SB:', 0]
[35, 4, 0, 0.004052877426147461, 'SF:', 133, 'SB:', 86]
[35, 4, 1, 0.040370941162109375, 'SF:', 133, 'SB:', 86]
[35, 4, 2, 0.018989086151123047, 'SF:', 47, 'SB:', 0]
[35, 5, 0, 0.009137868881225586, 'SF:', 294, 'SB:', 247]
[35, 5, 1, 0.1103971004486084, 'SF:', 294, 'SB:', 247]
[35, 5, 2, 0.01811814308166504, 'SF:', 47, 'SB:', 0]
[35, 6, 0, 0.0069692134857177734, 'SF:', 215, 'SB:', 168]
[35, 6, 1, 0.08171796798706055, 'SF:', 215, 'SB:', 168]
[35, 6, 2, 0.01764988899230957, 'SF:', 47, 'SB:', 0]
[35, 7, 0, 0.002608776092529297, 'SF:', 109, 'SB:', 62]
[35, 7, 1, 0.02938389778137207, 'SF:', 109, 'SB:', 62]
[35, 7, 2, 0.019017934799194336, 'SF:', 47, 'SB:', 0]
[35, 8, 0, 0.007426023483276367, 'SF:', 184, 'SB:', 137]
[35, 8, 1, 0.08230900764465332, 'SF:', 184, 'SB:', 137]
[35, 8, 2, 0.01854395866394043, 'SF:', 47, 'SB:', 0]
[35, 9, 0, 0.0030689239501953125, 'SF:', 126, 'SB:', 79]
[35, 9, 1, 0.036714792251586914, 'SF:', 126, 'SB:', 79]
[35, 9, 2, 0.019557952880859375, 'SF:', 47, 'SB:', 0]
[34, 0, 0, 0.009161949157714844, 'SF:', 270, 'SB:', 222]
[34, 0, 1, 0.12888598442077637, 'SF:', 270, 'SB:', 222]
[34, 0, 2, 0.018851041793823242, 'SF:', 48, 'SB:', 0]
[34, 1, 0, 0.010262012481689453, 'SF:', 265, 'SB:', 217]
[34, 1, 1, 0.12159109115600586, 'SF:', 265, 'SB:', 217]
[34, 1, 2, 0.020931720733642578, 'SF:', 48, 'SB:', 0]
[34, 2, 0, 0.012661933898925781, 'SF:', 402, 'SB:', 354]
[34, 2, 1, 0.16925406455993652, 'SF:', 402, 'SB:', 354]
[34, 2, 2, 0.01883411407470703, 'SF:', 48, 'SB:', 0]
[34, 3, 0, 0.003571748733520508, 'SF:', 135, 'SB:', 87]
[34, 3, 1, 0.040374040603637695, 'SF:', 135, 'SB:', 87]
[34, 3, 2, 0.019214868545532227, 'SF:', 48, 'SB:', 0]
[34, 4, 0, 0.0021271705627441406, 'SF:', 88, 'SB:', 40]
[34, 4, 1, 0.02185988426208496, 'SF:', 88, 'SB:', 40]
[34, 4, 2, 0.0199282169342041, 'SF:', 48, 'SB:', 0]
[34, 5, 0, 0.0030128955841064453, 'SF:', 117, 'SB:', 69]
[34, 5, 1, 0.03263115882873535, 'SF:', 117, 'SB:', 69]
[34, 5, 2, 0.019444942474365234, 'SF:', 48, 'SB:', 0]
[34, 6, 0, 0.0027272701263427734, 'SF:', 112, 'SB:', 64]
[34, 6, 1, 0.028918981552124023, 'SF:', 112, 'SB:', 64]
[34, 6, 2, 0.01855611801147461, 'SF:', 48, 'SB:', 0]
[34, 7, 0, 0.0026810169219970703, 'SF:', 113, 'SB:', 65]
[34, 7, 1, 0.03442502021789551, 'SF:', 113, 'SB:', 65]
[34, 7, 2, 0.01995682716369629, 'SF:', 48, 'SB:', 0]
[34, 8, 0, 0.002213716506958008, 'SF:', 94, 'SB:', 46]
[34, 8, 1, 0.023472070693969727, 'SF:', 94, 'SB:', 46]
[34, 8, 2, 0.019295215606689453, 'SF:', 48, 'SB:', 0]
[34, 9, 0, 0.0034942626953125, 'SF:', 141, 'SB:', 93]
[34, 9, 1, 0.045504093170166016, 'SF:', 141, 'SB:', 93]
[34, 9, 2, 0.020376205444335938, 'SF:', 48, 'SB:', 0]
[33, 0, 0, 0.0036497116088867188, 'SF:', 132, 'SB:', 83]
[33, 0, 1, 0.03731203079223633, 'SF:', 132, 'SB:', 83]
[33, 0, 2, 0.02033209800720215, 'SF:', 49, 'SB:', 0]
[33, 1, 0, 0.007051229476928711, 'SF:', 211, 'SB:', 162]
[33, 1, 1, 0.08942699432373047, 'SF:', 211, 'SB:', 162]
[33, 1, 2, 0.020045042037963867, 'SF:', 49, 'SB:', 0]
[33, 2, 0, 0.006735086441040039, 'SF:', 217, 'SB:', 168]
[33, 2, 1, 0.07226371765136719, 'SF:', 217, 'SB:', 168]
[33, 2, 2, 0.020299911499023438, 'SF:', 49, 'SB:', 0]
[33, 3, 0, 0.0028569698333740234, 'SF:', 112, 'SB:', 63]
[33, 3, 1, 0.040329933166503906, 'SF:', 112, 'SB:', 63]
[33, 3, 2, 0.02294611930847168, 'SF:', 49, 'SB:', 0]
[33, 4, 0, 0.00736689567565918, 'SF:', 227, 'SB:', 178]
[33, 4, 1, 0.08014702796936035, 'SF:', 227, 'SB:', 178]
[33, 4, 2, 0.022126197814941406, 'SF:', 49, 'SB:', 0]
[33, 5, 0, 0.002585887908935547, 'SF:', 100, 'SB:', 51]
[33, 5, 1, 0.02835392951965332, 'SF:', 100, 'SB:', 51]
[33, 5, 2, 0.01982593536376953, 'SF:', 49, 'SB:', 0]
[33, 6, 0, 0.006927967071533203, 'SF:', 226, 'SB:', 177]
[33, 6, 1, 0.08418393135070801, 'SF:', 226, 'SB:', 177]
[33, 6, 2, 0.020984888076782227, 'SF:', 49, 'SB:', 0]
[33, 7, 0, 0.002953052520751953, 'SF:', 101, 'SB:', 52]
[33, 7, 1, 0.027796268463134766, 'SF:', 101, 'SB:', 52]
[33, 7, 2, 0.019923925399780273, 'SF:', 49, 'SB:', 0]
[33, 8, 0, 0.007462978363037109, 'SF:', 231, 'SB:', 182]
[33, 8, 1, 0.09535408020019531, 'SF:', 231, 'SB:', 182]
[33, 8, 2, 0.021023035049438477, 'SF:', 49, 'SB:', 0]
[33, 9, 0, 0.013885974884033203, 'SF:', 361, 'SB:', 312]
[33, 9, 1, 0.1738741397857666, 'SF:', 361, 'SB:', 312]
[33, 9, 2, 0.019520998001098633, 'SF:', 49, 'SB:', 0]
[32, 0, 0, 0.0031180381774902344, 'SF:', 121, 'SB:', 71]
[32, 0, 1, 0.03661322593688965, 'SF:', 121, 'SB:', 71]
[32, 0, 2, 0.021142959594726562, 'SF:', 50, 'SB:', 0]
[32, 1, 0, 0.012580156326293945, 'SF:', 348, 'SB:', 298]
[32, 1, 1, 0.16655492782592773, 'SF:', 348, 'SB:', 298]
[32, 1, 2, 0.020807981491088867, 'SF:', 50, 'SB:', 0]
[32, 2, 0, 0.01009511947631836, 'SF:', 272, 'SB:', 222]
[32, 2, 1, 0.09711694717407227, 'SF:', 272, 'SB:', 222]
[32, 2, 2, 0.02104020118713379, 'SF:', 50, 'SB:', 0]
[32, 3, 0, 0.011864185333251953, 'SF:', 275, 'SB:', 225]
[32, 3, 1, 0.12710881233215332, 'SF:', 275, 'SB:', 225]
[32, 3, 2, 0.02088189125061035, 'SF:', 50, 'SB:', 0]
[32, 4, 0, 0.06095695495605469, 'SF:', 1473, 'SB:', 1423]
[32, 4, 1, 0.713371992111206, 'SF:', 1473, 'SB:', 1423]
[32, 4, 2, 0.020935773849487305, 'SF:', 50, 'SB:', 0]
[32, 5, 0, 0.011704206466674805, 'SF:', 336, 'SB:', 286]
[32, 5, 1, 0.18276309967041016, 'SF:', 336, 'SB:', 286]
[32, 5, 2, 0.021214008331298828, 'SF:', 50, 'SB:', 0]
[32, 6, 0, 0.004102945327758789, 'SF:', 147, 'SB:', 97]
[32, 6, 1, 0.05115389823913574, 'SF:', 147, 'SB:', 97]
[32, 6, 2, 0.021326065063476562, 'SF:', 50, 'SB:', 0]
[32, 7, 0, 0.014073848724365234, 'SF:', 344, 'SB:', 294]
[32, 7, 1, 0.16096210479736328, 'SF:', 344, 'SB:', 294]
[32, 7, 2, 0.022458791732788086, 'SF:', 50, 'SB:', 0]
[32, 8, 0, 0.031272172927856445, 'SF:', 848, 'SB:', 798]
[32, 8, 1, 0.6640839576721191, 'SF:', 848, 'SB:', 798]
[32, 8, 2, 0.0642852783203125, 'SF:', 50, 'SB:', 0]
[32, 9, 0, 0.044434309005737305, 'SF:', 898, 'SB:', 848]
[32, 9, 1, 0.4876370429992676, 'SF:', 898, 'SB:', 848]
[32, 9, 2, 0.02159404754638672, 'SF:', 50, 'SB:', 0]
[31, 0, 0, 0.003543853759765625, 'SF:', 117, 'SB:', 66]
[31, 0, 1, 0.03738093376159668, 'SF:', 117, 'SB:', 66]
[31, 0, 2, 0.1260831356048584, 'SF:', 133, 'SB:', 82]
[31, 1, 0, 0.018096923828125, 'SF:', 491, 'SB:', 440]
[31, 1, 1, 0.2718679904937744, 'SF:', 491, 'SB:', 440]
[31, 1, 2, 0.06774711608886719, 'SF:', 85, 'SB:', 34]
[31, 2, 0, 1.1414458751678467, 'SF:', 29700, 'SB:', 29649]
[31, 2, 1, 14.786354780197144, 'SF:', 29700, 'SB:', 29649]
[31, 2, 2, 0.4433000087738037, 'SF:', 438, 'SB:', 387]
[31, 3, 0, 0.009293079376220703, 'SF:', 335, 'SB:', 284]
[31, 3, 1, 0.10329079627990723, 'SF:', 335, 'SB:', 284]
[31, 3, 2, 0.10412287712097168, 'SF:', 134, 'SB:', 83]
[31, 4, 0, 0.04545712471008301, 'SF:', 1085, 'SB:', 1034]
[31, 4, 1, 0.629939079284668, 'SF:', 1085, 'SB:', 1034]
[31, 4, 2, 0.1071619987487793, 'SF:', 123, 'SB:', 72]
[31, 5, 0, 0.26068806648254395, 'SF:', 7343, 'SB:', 7292]
[31, 5, 1, 3.8449552059173584, 'SF:', 7343, 'SB:', 7292]
[31, 5, 2, 0.1751549243927002, 'SF:', 177, 'SB:', 126]
[31, 6, 0, 0.06660723686218262, 'SF:', 2052, 'SB:', 2001]
[31, 6, 1, 0.8819968700408936, 'SF:', 2052, 'SB:', 2001]
[31, 6, 2, 0.4066431522369385, 'SF:', 412, 'SB:', 361]
[31, 7, 0, 0.01617717742919922, 'SF:', 455, 'SB:', 404]
[31, 7, 1, 0.23859310150146484, 'SF:', 455, 'SB:', 404]
[31, 7, 2, 0.026304960250854492, 'SF:', 55, 'SB:', 4]
[31, 8, 0, 0.008091926574707031, 'SF:', 239, 'SB:', 188]
[31, 8, 1, 0.11241507530212402, 'SF:', 239, 'SB:', 188]
[31, 8, 2, 0.3960001468658447, 'SF:', 367, 'SB:', 316]
[31, 9, 0, 0.04475116729736328, 'SF:', 1212, 'SB:', 1161]
[31, 9, 1, 0.6900160312652588, 'SF:', 1212, 'SB:', 1161]
[31, 9, 2, 0.06114363670349121, 'SF:', 89, 'SB:', 38]
[30, 0, 0, 0.11790895462036133, 'SF:', 3016, 'SB:', 2964]
[30, 0, 1, 1.6431710720062256, 'SF:', 3016, 'SB:', 2964]
[30, 0, 2, 0.22691798210144043, 'SF:', 227, 'SB:', 175]
[30, 1, 0, 0.0448000431060791, 'SF:', 1184, 'SB:', 1132]
[30, 1, 1, 0.6295549869537354, 'SF:', 1184, 'SB:', 1132]
[30, 1, 2, 0.25534701347351074, 'SF:', 264, 'SB:', 212]
[30, 2, 0, 0.683243989944458, 'SF:', 15652, 'SB:', 15600]
[30, 2, 1, 9.965549230575562, 'SF:', 15652, 'SB:', 15600]
[30, 2, 2, 0.10813593864440918, 'SF:', 127, 'SB:', 75]
[30, 3, 0, 0.17073464393615723, 'SF:', 5026, 'SB:', 4974]
[30, 3, 1, 2.469242811203003, 'SF:', 5026, 'SB:', 4974]
[30, 3, 2, 1.9142110347747803, 'SF:', 1740, 'SB:', 1688]
[30, 4, 0, 0.030005931854248047, 'SF:', 703, 'SB:', 651]
[30, 4, 1, 0.4388861656188965, 'SF:', 703, 'SB:', 651]
[30, 4, 2, 0.03336381912231445, 'SF:', 61, 'SB:', 9]
[30, 5, 0, 0.6905500888824463, 'SF:', 15261, 'SB:', 15209]
[30, 5, 1, 12.631680011749268, 'SF:', 15261, 'SB:', 15209]
[30, 5, 2, 0.03951406478881836, 'SF:', 62, 'SB:', 10]
[30, 6, 0, 0.05011105537414551, 'SF:', 1503, 'SB:', 1451]
[30, 6, 1, 0.7010390758514404, 'SF:', 1503, 'SB:', 1451]
[30, 6, 2, 0.8465912342071533, 'SF:', 811, 'SB:', 759]
[30, 7, 0, 0.011456966400146484, 'SF:', 331, 'SB:', 279]
[30, 7, 1, 0.14359307289123535, 'SF:', 331, 'SB:', 279]
[30, 7, 2, 0.02108621597290039, 'SF:', 52, 'SB:', 0]
[30, 8, 0, 0.003186941146850586, 'SF:', 120, 'SB:', 68]
[30, 8, 1, 0.04051828384399414, 'SF:', 120, 'SB:', 68]
[30, 8, 2, 0.09622502326965332, 'SF:', 112, 'SB:', 60]
[30, 9, 0, 0.0026221275329589844, 'SF:', 99, 'SB:', 47]
[30, 9, 1, 0.027686119079589844, 'SF:', 99, 'SB:', 47]
[30, 9, 2, 0.04935574531555176, 'SF:', 71, 'SB:', 19]
[29, 0, 0, 0.6297390460968018, 'SF:', 12592, 'SB:', 12539]
[29, 0, 1, 10.09852385520935, 'SF:', 12592, 'SB:', 12539]
[29, 0, 2, 0.022696971893310547, 'SF:', 53, 'SB:', 0]
[29, 1, 0, 0.022593975067138672, 'SF:', 610, 'SB:', 557]
[29, 1, 1, 0.34677910804748535, 'SF:', 610, 'SB:', 557]
[29, 1, 2, 0.055223941802978516, 'SF:', 77, 'SB:', 24]
[29, 2, 0, 0.036975860595703125, 'SF:', 852, 'SB:', 799]
[29, 2, 1, 0.5243542194366455, 'SF:', 852, 'SB:', 799]
[29, 2, 2, 0.02211785316467285, 'SF:', 53, 'SB:', 0]
[29, 3, 0, 0.3074002265930176, 'SF:', 7420, 'SB:', 7367]
[29, 3, 1, 4.482352018356323, 'SF:', 7420, 'SB:', 7367]
[29, 3, 2, 0.023344039916992188, 'SF:', 53, 'SB:', 0]
[29, 4, 0, 0.17223501205444336, 'SF:', 4264, 'SB:', 4211]
[29, 4, 1, 2.643587112426758, 'SF:', 4264, 'SB:', 4211]
[29, 4, 2, 0.15375494956970215, 'SF:', 161, 'SB:', 108]
[29, 5, 0, 0.27385902404785156, 'SF:', 5657, 'SB:', 5604]
[29, 5, 1, 4.428544998168945, 'SF:', 5657, 'SB:', 5604]
[29, 5, 2, 0.16604018211364746, 'SF:', 175, 'SB:', 122]
[29, 6, 0, 0.032618045806884766, 'SF:', 919, 'SB:', 866]
[29, 6, 1, 0.5127012729644775, 'SF:', 919, 'SB:', 866]
[29, 6, 2, 0.021704912185668945, 'SF:', 53, 'SB:', 0]
[29, 7, 0, 0.08687591552734375, 'SF:', 2394, 'SB:', 2341]
[29, 7, 1, 1.357192039489746, 'SF:', 2394, 'SB:', 2341]
[29, 7, 2, 0.16364502906799316, 'SF:', 170, 'SB:', 117]
[29, 8, 0, 0.3505070209503174, 'SF:', 7971, 'SB:', 7918]
[29, 8, 1, 5.270911931991577, 'SF:', 7971, 'SB:', 7918]
[29, 8, 2, 0.4963240623474121, 'SF:', 449, 'SB:', 396]
[29, 9, 0, 0.025449275970458984, 'SF:', 664, 'SB:', 611]
[29, 9, 1, 0.35875511169433594, 'SF:', 664, 'SB:', 611]
[29, 9, 2, 0.046061038970947266, 'SF:', 74, 'SB:', 21]
[28, 0, 0, 0.18030500411987305, 'SF:', 3800, 'SB:', 3746]
[28, 0, 1, 2.8681411743164062, 'SF:', 3800, 'SB:', 3746]
[28, 0, 2, 0.2184770107269287, 'SF:', 216, 'SB:', 162]
[28, 1, 0, 0.02797412872314453, 'SF:', 656, 'SB:', 602]
[28, 1, 1, 0.3248581886291504, 'SF:', 656, 'SB:', 602]
[28, 1, 2, 0.025270938873291016, 'SF:', 54, 'SB:', 0]
[28, 2, 0, 0.020308256149291992, 'SF:', 662, 'SB:', 608]
[28, 2, 1, 0.31384778022766113, 'SF:', 662, 'SB:', 608]
[28, 2, 2, 0.3943619728088379, 'SF:', 372, 'SB:', 318]
[28, 3, 0, 0.01572871208190918, 'SF:', 489, 'SB:', 435]
[28, 3, 1, 0.24913883209228516, 'SF:', 489, 'SB:', 435]
[28, 3, 2, 0.07893204689025879, 'SF:', 101, 'SB:', 47]
[28, 4, 0, 0.07394695281982422, 'SF:', 1583, 'SB:', 1529]
[28, 4, 1, 1.034820795059204, 'SF:', 1583, 'SB:', 1529]
[28, 4, 2, 0.02315497398376465, 'SF:', 54, 'SB:', 0]
[28, 5, 0, 0.03887295722961426, 'SF:', 1266, 'SB:', 1212]
[28, 5, 1, 0.5645391941070557, 'SF:', 1266, 'SB:', 1212]
[28, 5, 2, 0.0637660026550293, 'SF:', 89, 'SB:', 35]
[28, 6, 0, 0.023183107376098633, 'SF:', 702, 'SB:', 648]
[28, 6, 1, 0.33940982818603516, 'SF:', 702, 'SB:', 648]
[28, 6, 2, 0.14612793922424316, 'SF:', 159, 'SB:', 105]
[28, 7, 0, 1.339660882949829, 'SF:', 29311, 'SB:', 29257]
[28, 7, 1, 23.1047420501709, 'SF:', 29311, 'SB:', 29257]
[28, 7, 2, 0.8029100894927979, 'SF:', 687, 'SB:', 633]
[28, 8, 0, 0.012684106826782227, 'SF:', 342, 'SB:', 288]
[28, 8, 1, 0.18407893180847168, 'SF:', 342, 'SB:', 288]
[28, 8, 2, 0.10925793647766113, 'SF:', 122, 'SB:', 68]
[28, 9, 0, 0.011163949966430664, 'SF:', 301, 'SB:', 247]
[28, 9, 1, 0.15062594413757324, 'SF:', 301, 'SB:', 247]
[28, 9, 2, 0.02257704734802246, 'SF:', 54, 'SB:', 0]
[27, 0, 0, 0.13600897789001465, 'SF:', 2915, 'SB:', 2860]
[27, 0, 1, 1.696803092956543, 'SF:', 2915, 'SB:', 2860]
[27, 0, 2, 0.06588006019592285, 'SF:', 88, 'SB:', 33]
[27, 1, 0, 0.04699087142944336, 'SF:', 1218, 'SB:', 1163]
[27, 1, 1, 0.7060732841491699, 'SF:', 1218, 'SB:', 1163]
[27, 1, 2, 0.2951500415802002, 'SF:', 277, 'SB:', 222]
[27, 2, 0, 0.04787707328796387, 'SF:', 1183, 'SB:', 1128]
[27, 2, 1, 0.7718000411987305, 'SF:', 1183, 'SB:', 1128]
[27, 2, 2, 0.34851670265197754, 'SF:', 321, 'SB:', 266]
[27, 3, 0, 0.013166189193725586, 'SF:', 405, 'SB:', 350]
[27, 3, 1, 0.20614290237426758, 'SF:', 405, 'SB:', 350]
[27, 3, 2, 0.30579471588134766, 'SF:', 295, 'SB:', 240]
[27, 4, 0, 0.02909398078918457, 'SF:', 863, 'SB:', 808]
[27, 4, 1, 0.41956305503845215, 'SF:', 863, 'SB:', 808]
[27, 4, 2, 1.1258113384246826, 'SF:', 986, 'SB:', 931]
[27, 5, 0, 2.2174837589263916, 'SF:', 54514, 'SB:', 54459]
[27, 5, 1, 35.57687783241272, 'SF:', 54514, 'SB:', 54459]
[27, 5, 2, 0.05695796012878418, 'SF:', 73, 'SB:', 18]
[27, 6, 0, 0.033804893493652344, 'SF:', 896, 'SB:', 841]
[27, 6, 1, 0.4979560375213623, 'SF:', 896, 'SB:', 841]
[27, 6, 2, 0.026180028915405273, 'SF:', 55, 'SB:', 0]
[27, 7, 0, 0.01392674446105957, 'SF:', 367, 'SB:', 312]
[27, 7, 1, 0.20260930061340332, 'SF:', 367, 'SB:', 312]
[27, 7, 2, 0.12779998779296875, 'SF:', 137, 'SB:', 82]
[27, 8, 0, 0.11124920845031738, 'SF:', 2912, 'SB:', 2857]
[27, 8, 1, 1.5495059490203857, 'SF:', 2912, 'SB:', 2857]
[27, 8, 2, 0.02468705177307129, 'SF:', 55, 'SB:', 0]
[27, 9, 0, 0.009781122207641602, 'SF:', 249, 'SB:', 194]
[27, 9, 1, 0.13406801223754883, 'SF:', 249, 'SB:', 194]
[27, 9, 2, 0.4161338806152344, 'SF:', 371, 'SB:', 316]
[26, 0, 0, 0.1752779483795166, 'SF:', 4623, 'SB:', 4567]
[26, 0, 1, 2.5670289993286133, 'SF:', 4623, 'SB:', 4567]
[26, 0, 2, 1.1857240200042725, 'SF:', 901, 'SB:', 845]
[26, 1, 0, 0.878554105758667, 'SF:', 24763, 'SB:', 24707]
[26, 1, 1, 11.617742776870728, 'SF:', 24763, 'SB:', 24707]
[26, 1, 2, 0.22181296348571777, 'SF:', 211, 'SB:', 155]
[26, 2, 0, 0.05684399604797363, 'SF:', 1400, 'SB:', 1344]
[26, 2, 1, 0.9209918975830078, 'SF:', 1400, 'SB:', 1344]
[26, 2, 2, 0.08663678169250488, 'SF:', 104, 'SB:', 48]
[26, 3, 0, 2.777467727661133, 'SF:', 62844, 'SB:', 62788]
[26, 3, 1, 47.656944274902344, 'SF:', 62844, 'SB:', 62788]
[26, 3, 2, 0.08992838859558105, 'SF:', 117, 'SB:', 61]
[26, 4, 0, 0.1417069435119629, 'SF:', 3804, 'SB:', 3748]
[26, 4, 1, 2.26772403717041, 'SF:', 3804, 'SB:', 3748]
[26, 4, 2, 0.690464973449707, 'SF:', 575, 'SB:', 519]
[26, 5, 0, 0.026475906372070312, 'SF:', 626, 'SB:', 570]
[26, 5, 1, 0.48407912254333496, 'SF:', 626, 'SB:', 570]
[26, 5, 2, 0.10823869705200195, 'SF:', 104, 'SB:', 48]
[26, 6, 0, 0.16020894050598145, 'SF:', 2964, 'SB:', 2908]
[26, 6, 1, 2.4414849281311035, 'SF:', 2964, 'SB:', 2908]
[26, 6, 2, 0.02815985679626465, 'SF:', 56, 'SB:', 0]
[26, 7, 0, 4.993971347808838, 'SF:', 88520, 'SB:', 88464]
[26, 7, 1, 77.9483060836792, 'SF:', 88520, 'SB:', 88464]
[26, 7, 2, 1.4071369171142578, 'SF:', 1235, 'SB:', 1179]
[26, 8, 0, 0.17660903930664062, 'SF:', 4932, 'SB:', 4876]
[26, 8, 1, 2.5291199684143066, 'SF:', 4932, 'SB:', 4876]
[26, 8, 2, 0.025204181671142578, 'SF:', 56, 'SB:', 0]
[26, 9, 0, 0.1680738925933838, 'SF:', 4952, 'SB:', 4896]
[26, 9, 1, 2.687610149383545, 'SF:', 4952, 'SB:', 4896]
[26, 9, 2, 0.20926475524902344, 'SF:', 205, 'SB:', 149]
[25, 0, 2, 0.031116008758544922, 'SF:', 57, 'SB:', 0]
[25, 1, 2, 2.674459934234619, 'SF:', 1959, 'SB:', 1902]
[25, 2, 2, 0.04453897476196289, 'SF:', 69, 'SB:', 12]
[25, 3, 2, 0.21637988090515137, 'SF:', 206, 'SB:', 149]
[25, 4, 2, 0.5664000511169434, 'SF:', 494, 'SB:', 437]
[25, 5, 2, 0.05599403381347656, 'SF:', 84, 'SB:', 27]
[25, 6, 2, 0.879824161529541, 'SF:', 737, 'SB:', 680]
[25, 7, 2, 0.2581477165222168, 'SF:', 263, 'SB:', 206]
[25, 8, 2, 0.042073965072631836, 'SF:', 70, 'SB:', 13]
[25, 9, 2, 0.10398292541503906, 'SF:', 122, 'SB:', 65]
[24, 0, 2, 0.18967199325561523, 'SF:', 177, 'SB:', 119]
[24, 1, 2, 1.0249171257019043, 'SF:', 856, 'SB:', 798]
[24, 2, 2, 0.06653881072998047, 'SF:', 90, 'SB:', 32]
[24, 3, 2, 0.5642189979553223, 'SF:', 512, 'SB:', 454]
[24, 4, 2, 0.8329391479492188, 'SF:', 704, 'SB:', 646]
[24, 5, 2, 0.1361548900604248, 'SF:', 146, 'SB:', 88]
[24, 6, 2, 0.23972201347351074, 'SF:', 224, 'SB:', 166]
[24, 7, 2, 0.3122539520263672, 'SF:', 282, 'SB:', 224]
[24, 8, 2, 0.037751197814941406, 'SF:', 66, 'SB:', 8]
[24, 9, 2, 0.1432201862335205, 'SF:', 152, 'SB:', 94]
[23, 0, 2, 0.7067089080810547, 'SF:', 596, 'SB:', 537]
[23, 1, 2, 3.4492831230163574, 'SF:', 2733, 'SB:', 2674]
[23, 2, 2, 1.1980810165405273, 'SF:', 981, 'SB:', 922]
[23, 3, 2, 0.12922000885009766, 'SF:', 138, 'SB:', 79]
[23, 4, 2, 0.2971651554107666, 'SF:', 249, 'SB:', 190]
[23, 5, 2, 0.026787996292114258, 'SF:', 59, 'SB:', 0]
[23, 6, 2, 3.8341896533966064, 'SF:', 2994, 'SB:', 2935]
[23, 7, 2, 1.9656407833099365, 'SF:', 1622, 'SB:', 1563]
[23, 8, 2, 0.3633389472961426, 'SF:', 339, 'SB:', 280]
[23, 9, 2, 0.1739950180053711, 'SF:', 181, 'SB:', 122]
[22, 0, 2, 0.8640146255493164, 'SF:', 736, 'SB:', 676]
[22, 1, 2, 0.04798388481140137, 'SF:', 74, 'SB:', 14]
[22, 2, 2, 2.9995620250701904, 'SF:', 2450, 'SB:', 2390]
[22, 3, 2, 0.6976430416107178, 'SF:', 607, 'SB:', 547]
[22, 4, 2, 4.9237449169158936, 'SF:', 3725, 'SB:', 3665]
[22, 5, 2, 0.2025279998779297, 'SF:', 197, 'SB:', 137]
[22, 6, 2, 1.8175709247589111, 'SF:', 1454, 'SB:', 1394]
[22, 7, 2, 0.6258800029754639, 'SF:', 539, 'SB:', 479]
[22, 8, 2, 0.04355192184448242, 'SF:', 74, 'SB:', 14]
[22, 9, 2, 0.04927396774291992, 'SF:', 80, 'SB:', 20]
[21, 0, 2, 0.23415899276733398, 'SF:', 213, 'SB:', 152]
[21, 1, 2, 0.1163640022277832, 'SF:', 128, 'SB:', 67]
[21, 2, 2, 1.9065608978271484, 'SF:', 1475, 'SB:', 1414]
[21, 3, 2, 1.332984209060669, 'SF:', 1074, 'SB:', 1013]
[21, 4, 2, 0.9183900356292725, 'SF:', 715, 'SB:', 654]
[21, 5, 2, 1.333940029144287, 'SF:', 1056, 'SB:', 995]
[21, 6, 2, 1.3911800384521484, 'SF:', 1131, 'SB:', 1070]
[21, 7, 2, 0.3301248550415039, 'SF:', 298, 'SB:', 237]
[21, 8, 2, 8.560059785842896, 'SF:', 6665, 'SB:', 6604]
[21, 9, 2, 12.705221176147461, 'SF:', 9613, 'SB:', 9552]
[20, 0, 2, 8.18693494796753, 'SF:', 6076, 'SB:', 6014]
[20, 1, 2, 4.7962486743927, 'SF:', 3568, 'SB:', 3506]
[20, 2, 2, 3.0935258865356445, 'SF:', 2460, 'SB:', 2398]
[20, 3, 2, 3.322368860244751, 'SF:', 2573, 'SB:', 2511]
[20, 4, 2, 43.62013077735901, 'SF:', 32687, 'SB:', 32625]
[20, 5, 2, 12.26844310760498, 'SF:', 9561, 'SB:', 9499]
[20, 6, 2, 0.07433700561523438, 'SF:', 96, 'SB:', 34]
[20, 7, 2, 0.8955252170562744, 'SF:', 706, 'SB:', 644]
[20, 8, 2, 0.07790017127990723, 'SF:', 96, 'SB:', 34]
[20, 9, 2, 6.866032838821411, 'SF:', 4816, 'SB:', 4754]
[19, 0, 2, 3.8394041061401367, 'SF:', 2878, 'SB:', 2815]
[19, 1, 2, 6.787252426147461, 'SF:', 5005, 'SB:', 4942]
[19, 2, 2, 0.04259777069091797, 'SF:', 71, 'SB:', 8]
[19, 3, 2, 0.03176379203796387, 'SF:', 63, 'SB:', 0]
[19, 4, 2, 0.030165672302246094, 'SF:', 63, 'SB:', 0]
[19, 5, 2, 0.03889298439025879, 'SF:', 68, 'SB:', 5]
[19, 6, 2, 0.038437843322753906, 'SF:', 69, 'SB:', 6]
[19, 7, 2, 0.04517078399658203, 'SF:', 74, 'SB:', 11]
[19, 8, 2, 0.03547310829162598, 'SF:', 65, 'SB:', 2]
[19, 9, 2, 0.030620098114013672, 'SF:', 63, 'SB:', 0]
[18, 0, 2, 4.4708571434021, 'SF:', 3361, 'SB:', 3297]
[18, 1, 2, 13.48586893081665, 'SF:', 10391, 'SB:', 10327]
[18, 2, 2, 39.12507224082947, 'SF:', 28844, 'SB:', 28780]
[18, 3, 2, 0.8647491931915283, 'SF:', 664, 'SB:', 600]
[18, 4, 2, 1.109344720840454, 'SF:', 845, 'SB:', 781]
[18, 5, 2, 1.0975630283355713, 'SF:', 885, 'SB:', 821]
[18, 6, 2, 8.283273935317993, 'SF:', 6353, 'SB:', 6289]
[18, 7, 2, 4.238085031509399, 'SF:', 3167, 'SB:', 3103]
[18, 8, 2, 20.356770038604736, 'SF:', 14659, 'SB:', 14595]
[18, 9, 2, 2.276726007461548, 'SF:', 1729, 'SB:', 1665]
[17, 0, 2, 6.496134281158447, 'SF:', 4676, 'SB:', 4611]
[17, 1, 2, 1.6565771102905273, 'SF:', 1236, 'SB:', 1171]
[17, 2, 2, 14.529620885848999, 'SF:', 10932, 'SB:', 10867]
[17, 3, 2, 1.2047319412231445, 'SF:', 921, 'SB:', 856]
[17, 4, 2, 43.01876091957092, 'SF:', 31794, 'SB:', 31729]
[17, 5, 2, 3.7412400245666504, 'SF:', 2737, 'SB:', 2672]
[17, 6, 2, 10.030603885650635, 'SF:', 7541, 'SB:', 7476]
[17, 7, 2, 4.40810227394104, 'SF:', 3200, 'SB:', 3135]
[17, 8, 2, 15.414017677307129, 'SF:', 11066, 'SB:', 11001]
[17, 9, 2, 1.6085400581359863, 'SF:', 1143, 'SB:', 1078]
[25, 0, 1, 5.826694965362549, 'SF:', 9846, 'SB:', 9789]
[25, 1, 1, 4.502860069274902, 'SF:', 5106, 'SB:', 5049]
[25, 2, 1, 2.81949520111084, 'SF:', 3771, 'SB:', 3714]
[25, 3, 1, 2.1739509105682373, 'SF:', 3496, 'SB:', 3439]
[25, 4, 1, 10.84507703781128, 'SF:', 19234, 'SB:', 19177]
[25, 5, 1, 0.4384438991546631, 'SF:', 798, 'SB:', 741]
[25, 6, 1, 12.073119878768921, 'SF:', 17072, 'SB:', 17015]
[25, 7, 1, 0.06186509132385254, 'SF:', 124, 'SB:', 67]
[25, 8, 1, 0.825965166091919, 'SF:', 1663, 'SB:', 1606]
[25, 9, 1, 0.7727220058441162, 'SF:', 1452, 'SB:', 1395]
[24, 0, 1, 0.1286311149597168, 'SF:', 215, 'SB:', 157]
[24, 1, 1, 1.0120940208435059, 'SF:', 1402, 'SB:', 1344]
[24, 2, 1, 1.7402100563049316, 'SF:', 2918, 'SB:', 2860]
[24, 3, 1, 1.5905370712280273, 'SF:', 2730, 'SB:', 2672]
[24, 4, 1, 3.5231213569641113, 'SF:', 4987, 'SB:', 4929]
[24, 5, 1, 0.06187605857849121, 'SF:', 144, 'SB:', 86]
[24, 6, 1, 56.185534954071045, 'SF:', 92592, 'SB:', 92534]
[24, 7, 1, 18.530981302261353, 'SF:', 30212, 'SB:', 30154]
[24, 8, 1, 4.109280109405518, 'SF:', 6716, 'SB:', 6658]
[24, 9, 1, 40.092190980911255, 'SF:', 44980, 'SB:', 44922]
[23, 0, 1, 0.2916901111602783, 'SF:', 492, 'SB:', 433]
[23, 1, 1, 31.558358192443848, 'SF:', 44039, 'SB:', 43980]
[23, 2, 1, 10.012338876724243, 'SF:', 16224, 'SB:', 16165]
[23, 3, 1, 7.165045976638794, 'SF:', 12435, 'SB:', 12376]
[23, 4, 1, 8.970288753509521, 'SF:', 12637, 'SB:', 12578]
[23, 5, 1, 7.83099102973938, 'SF:', 9957, 'SB:', 9898]
[23, 6, 1, 0.6468238830566406, 'SF:', 1045, 'SB:', 986]
[23, 7, 1, 50.53031611442566, 'SF:', 72249, 'SB:', 72190]
[23, 8, 1, 7.003726243972778, 'SF:', 10550, 'SB:', 10491]
[23, 9, 1, 112.1890721321106, 'SF:', 153135, 'SB:', 153076]
[22, 0, 1, 13.793725967407227, 'SF:', 25248, 'SB:', 25188]
[22, 1, 1, 5.404728889465332, 'SF:', 7204, 'SB:', 7144]
[22, 2, 1, 0.2378861904144287, 'SF:', 348, 'SB:', 288]
[22, 3, 1, 9.570080041885376, 'SF:', 11398, 'SB:', 11338]
[22, 4, 1, 0.32480502128601074, 'SF:', 516, 'SB:', 456]
[22, 5, 1, 1.6722362041473389, 'SF:', 2159, 'SB:', 2099]
[22, 6, 1, 14.48763108253479, 'SF:', 22602, 'SB:', 22542]
[22, 7, 1, 10.848777770996094, 'SF:', 18108, 'SB:', 18048]
[22, 8, 1, 7.309167146682739, 'SF:', 9820, 'SB:', 9760]
[22, 9, 1, 2.419685125350952, 'SF:', 3261, 'SB:', 3201]
[21, 0, 1, 1.5575408935546875, 'SF:', 2289, 'SB:', 2228]
[21, 1, 1, 47.94754981994629, 'SF:', 76795, 'SB:', 76734]
[21, 2, 1, 2.394559860229492, 'SF:', 3400, 'SB:', 3339]
[21, 3, 1, 13.227849006652832, 'SF:', 23789, 'SB:', 23728]
[21, 4, 1, 5.519948959350586, 'SF:', 7491, 'SB:', 7430]
[21, 5, 1, 5.472884893417358, 'SF:', 9794, 'SB:', 9733]
[21, 6, 1, 1.4836938381195068, 'SF:', 2414, 'SB:', 2353]
[21, 7, 1, 5.28372597694397, 'SF:', 7312, 'SB:', 7251]
[21, 8, 1, 75.05268812179565, 'SF:', 93127, 'SB:', 93066]
[21, 9, 1, 1080.05268812179565, 'SF:', 1453211, 'SB:', 1453176]
[25, 0, 0, 0.3537020683288574, 'SF:', 9846, 'SB:', 9789]
[25, 1, 0, 0.24455499649047852, 'SF:', 5106, 'SB:', 5049]
[25, 2, 0, 0.1661078929901123, 'SF:', 3771, 'SB:', 3714]
[25, 3, 0, 0.13186287879943848, 'SF:', 3496, 'SB:', 3439]
[25, 4, 0, 0.6897130012512207, 'SF:', 19234, 'SB:', 19177]
[25, 5, 0, 0.031213045120239258, 'SF:', 798, 'SB:', 741]
[25, 6, 0, 0.7152740955352783, 'SF:', 17072, 'SB:', 17015]
[25, 7, 0, 0.0041332244873046875, 'SF:', 124, 'SB:', 67]
[25, 8, 0, 0.056257009506225586, 'SF:', 1663, 'SB:', 1606]
[25, 9, 0, 0.04829096794128418, 'SF:', 1452, 'SB:', 1395]
[24, 0, 0, 0.008689165115356445, 'SF:', 215, 'SB:', 157]
[24, 1, 0, 0.06148099899291992, 'SF:', 1402, 'SB:', 1344]
[24, 2, 0, 0.10402679443359375, 'SF:', 2918, 'SB:', 2860]
[24, 3, 0, 0.09912300109863281, 'SF:', 2730, 'SB:', 2672]
[24, 4, 0, 0.22036099433898926, 'SF:', 4987, 'SB:', 4929]
[24, 5, 0, 0.004246234893798828, 'SF:', 144, 'SB:', 86]
[24, 6, 0, 3.823791027069092, 'SF:', 92592, 'SB:', 92534]
[24, 7, 0, 1.1179800033569336, 'SF:', 30212, 'SB:', 30154]
[24, 8, 0, 0.25765299797058105, 'SF:', 6716, 'SB:', 6658]
[24, 9, 0, 2.2089531421661377, 'SF:', 44980, 'SB:', 44922]
[23, 0, 0, 0.018910884857177734, 'SF:', 492, 'SB:', 433]
[23, 1, 0, 1.9417309761047363, 'SF:', 44039, 'SB:', 43980]
[23, 2, 0, 0.646198034286499, 'SF:', 16224, 'SB:', 16165]
[23, 3, 0, 0.44105100631713867, 'SF:', 12435, 'SB:', 12376]
[23, 4, 0, 0.5000910758972168, 'SF:', 12637, 'SB:', 12578]
[23, 5, 0, 0.4231569766998291, 'SF:', 9957, 'SB:', 9898]
[23, 6, 0, 0.03680610656738281, 'SF:', 1045, 'SB:', 986]
[23, 7, 0, 2.9233860969543457, 'SF:', 72249, 'SB:', 72190]
[23, 8, 0, 0.41820693016052246, 'SF:', 10550, 'SB:', 10491]
[23, 9, 0, 6.492445230484009, 'SF:', 153135, 'SB:', 153076]
[22, 0, 0, 0.7951450347900391, 'SF:', 25248, 'SB:', 25188]
[22, 1, 0, 0.28331899642944336, 'SF:', 7204, 'SB:', 7144]
[22, 2, 0, 0.01339101791381836, 'SF:', 348, 'SB:', 288]
[22, 3, 0, 0.4754638671875, 'SF:', 11398, 'SB:', 11338]
[22, 4, 0, 0.019711971282958984, 'SF:', 516, 'SB:', 456]
[22, 5, 0, 0.09044599533081055, 'SF:', 2159, 'SB:', 2099]
[22, 6, 0, 0.7751302719116211, 'SF:', 22602, 'SB:', 22542]
[22, 7, 0, 0.5906591415405273, 'SF:', 18108, 'SB:', 18048]
[22, 8, 0, 0.4139058589935303, 'SF:', 9820, 'SB:', 9760]
[22, 9, 0, 0.14696669578552246, 'SF:', 3261, 'SB:', 3201]
[21, 0, 0, 0.09006905555725098, 'SF:', 2289, 'SB:', 2228]
[21, 1, 0, 2.697962999343872, 'SF:', 76795, 'SB:', 76734]
[21, 2, 0, 0.14020395278930664, 'SF:', 3400, 'SB:', 3339]
[21, 3, 0, 0.7629520893096924, 'SF:', 23789, 'SB:', 23728]
[21, 4, 0, 0.31332921981811523, 'SF:', 7491, 'SB:', 7430]
[21, 5, 0, 0.31284093856811523, 'SF:', 9794, 'SB:', 9733]
[21, 6, 0, 0.08202123641967773, 'SF:', 2414, 'SB:', 2353]
[21, 7, 0, 0.30260300636291504, 'SF:', 7312, 'SB:', 7251]
[21, 8, 0, 3.8560218811035156, 'SF:', 93127, 'SB:', 93066]
[21, 9, 0, 105.46952772140503, 'SF:', 2301338, 'SB:', 2301277]
[20, 0, 0, 52.76446723937988, 'SF:', 1290170, 'SB:', 1290108]
[20, 1, 0, 4.526763916015625, 'SF:', 109395, 'SB:', 109333]
[20, 2, 0, 0.21553516387939453, 'SF:', 5831, 'SB:', 5769]
[20, 3, 0, 0.016705989837646484, 'SF:', 421, 'SB:', 359]
[20, 4, 0, 140.44902682304382, 'SF:', 4040150, 'SB:', 4040088]
[20, 5, 0, 0.00563502311706543, 'SF:', 181, 'SB:', 119]
[20, 6, 0, 0.03401803970336914, 'SF:', 954, 'SB:', 892]
[20, 7, 0, 0.21742701530456543, 'SF:', 6205, 'SB:', 6143]
[20, 8, 0, 0.03410816192626953, 'SF:', 954, 'SB:', 892]
[20, 9, 0, 0.30088114738464355, 'SF:', 7050, 'SB:', 6988]
[19, 0, 0, 105.22306299209595, 'SF:', 2361791, 'SB:', 2361728]
[19, 1, 0, 3.9272608757019043, 'SF:', 112124, 'SB:', 112061]
[19, 2, 0, 18.606159687042236, 'SF:', 438663, 'SB:', 438600]
[19, 3, 0, 0.021947860717773438, 'SF:', 531, 'SB:', 468]
[19, 4, 0, 0.08614492416381836, 'SF:', 1863, 'SB:', 1800]
[19, 5, 0, 0.0024619102478027344, 'SF:', 85, 'SB:', 22]
[19, 6, 0, 0.08193016052246094, 'SF:', 1755, 'SB:', 1692]
[19, 7, 0, 0.008181095123291016, 'SF:', 240, 'SB:', 177]
[19, 8, 0, 0.02661919593811035, 'SF:', 1082, 'SB:', 1019]
[19, 9, 0, 0.010628700256347656, 'SF:', 224, 'SB:', 161]
[18, 0, 0, 911.8112208843231, 'SF:', 23756500, 'SB:', 23756436]
[18, 1, 0, 53.3657751083374, 'SF:', 1322209, 'SB:', 1322145]
[18, 2, 0, 60.880593061447144, 'SF:', 1493097, 'SB:', 1493033]
[18, 3, 0, 0.5009279251098633, 'SF:', 12541, 'SB:', 12477]
[18, 4, 0, 67.2834632396698, 'SF:', 1561275, 'SB:', 1561211]
[18, 5, 0, 74.87428689002991, 'SF:', 1749786, 'SB:', 1749722]
[18, 6, 0, 0.17207884788513184, 'SF:', 3906, 'SB:', 3842]
[18, 7, 0, 9.096879243850708, 'SF:', 224458, 'SB:', 224394]
[18, 8, 0, 35.28768014907837, 'SF:', 885745, 'SB:', 885681]
[18, 9, 0, 9.813981056213379, 'SF:', 242676, 'SB:', 242612]
