[(0, 35, 0), 0.005320310592651367, 'SF:', 123, 'SB:', 76]
[(0, 35, 1), 0.0030329227447509766, 'SF:', 113, 'SB:', 66]
[(0, 35, 2), 0.005706071853637695, 'SF:', 220, 'SB:', 173]
[(0, 35, 3), 0.004405975341796875, 'SF:', 134, 'SB:', 87]
[(0, 35, 4), 0.0032682418823242188, 'SF:', 133, 'SB:', 86]
[(0, 35, 5), 0.010525941848754883, 'SF:', 294, 'SB:', 247]
[(0, 35, 6), 0.007071018218994141, 'SF:', 215, 'SB:', 168]
[(0, 35, 7), 0.002964019775390625, 'SF:', 109, 'SB:', 62]
[(0, 35, 8), 0.006285905838012695, 'SF:', 184, 'SB:', 137]
[(0, 35, 9), 0.0033969879150390625, 'SF:', 126, 'SB:', 79]
[(1, 35, 0), 0.04474377632141113, 'SF:', 123, 'SB:', 76]
[(1, 35, 1), 0.028005123138427734, 'SF:', 113, 'SB:', 66]
[(1, 35, 2), 0.06947922706604004, 'SF:', 220, 'SB:', 173]
[(1, 35, 3), 0.05319094657897949, 'SF:', 134, 'SB:', 87]
[(1, 35, 4), 0.04694199562072754, 'SF:', 133, 'SB:', 86]
[(1, 35, 5), 0.11623406410217285, 'SF:', 294, 'SB:', 247]
[(1, 35, 6), 0.09007406234741211, 'SF:', 215, 'SB:', 168]
[(1, 35, 7), 0.031073808670043945, 'SF:', 109, 'SB:', 62]
[(1, 35, 8), 0.08893108367919922, 'SF:', 184, 'SB:', 137]
[(1, 35, 9), 0.03570890426635742, 'SF:', 126, 'SB:', 79]
[(2, 35, 0), 0.018815040588378906, 'SF:', 47, 'SB:', 0]
[(2, 35, 1), 0.018455028533935547, 'SF:', 47, 'SB:', 0]
[(2, 35, 2), 0.019237041473388672, 'SF:', 47, 'SB:', 0]
[(2, 35, 3), 0.018524169921875, 'SF:', 47, 'SB:', 0]
[(2, 35, 4), 0.018899917602539062, 'SF:', 47, 'SB:', 0]
[(2, 35, 5), 0.018823862075805664, 'SF:', 47, 'SB:', 0]
[(2, 35, 6), 0.017652034759521484, 'SF:', 47, 'SB:', 0]
[(2, 35, 7), 0.019326210021972656, 'SF:', 47, 'SB:', 0]
[(2, 35, 8), 0.018483877182006836, 'SF:', 47, 'SB:', 0]
[(2, 35, 9), 0.019356966018676758, 'SF:', 47, 'SB:', 0]
[(0, 34, 0), 0.010129928588867188, 'SF:', 270, 'SB:', 222]
[(0, 34, 1), 0.009873151779174805, 'SF:', 265, 'SB:', 217]
[(0, 34, 2), 0.011911869049072266, 'SF:', 402, 'SB:', 354]
[(0, 34, 3), 0.003423929214477539, 'SF:', 135, 'SB:', 87]
[(0, 34, 4), 0.0019631385803222656, 'SF:', 88, 'SB:', 40]
[(0, 34, 5), 0.002874135971069336, 'SF:', 117, 'SB:', 69]
[(0, 34, 6), 0.002585172653198242, 'SF:', 112, 'SB:', 64]
[(0, 34, 7), 0.0028989315032958984, 'SF:', 113, 'SB:', 65]
[(0, 34, 8), 0.002465963363647461, 'SF:', 94, 'SB:', 46]
[(0, 34, 9), 0.0032470226287841797, 'SF:', 141, 'SB:', 93]
[(1, 34, 0), 0.12549901008605957, 'SF:', 270, 'SB:', 222]
[(1, 34, 1), 0.12185120582580566, 'SF:', 265, 'SB:', 217]
[(1, 34, 2), 0.1609499454498291, 'SF:', 402, 'SB:', 354]
[(1, 34, 3), 0.041994333267211914, 'SF:', 135, 'SB:', 87]
[(1, 34, 4), 0.02181100845336914, 'SF:', 88, 'SB:', 40]
[(1, 34, 5), 0.03391313552856445, 'SF:', 117, 'SB:', 69]
[(1, 34, 6), 0.03173995018005371, 'SF:', 112, 'SB:', 64]
[(1, 34, 7), 0.0426480770111084, 'SF:', 113, 'SB:', 65]
[(1, 34, 8), 0.02305316925048828, 'SF:', 94, 'SB:', 46]
[(1, 34, 9), 0.04351305961608887, 'SF:', 141, 'SB:', 93]
[(2, 34, 0), 0.01941704750061035, 'SF:', 48, 'SB:', 0]
[(2, 34, 1), 0.01918315887451172, 'SF:', 48, 'SB:', 0]
[(2, 34, 2), 0.01846790313720703, 'SF:', 48, 'SB:', 0]
[(2, 34, 3), 0.02122020721435547, 'SF:', 48, 'SB:', 0]
[(2, 34, 4), 0.019409894943237305, 'SF:', 48, 'SB:', 0]
[(2, 34, 5), 0.01894831657409668, 'SF:', 48, 'SB:', 0]
[(2, 34, 6), 0.019247770309448242, 'SF:', 48, 'SB:', 0]
[(2, 34, 7), 0.019700050354003906, 'SF:', 48, 'SB:', 0]
[(2, 34, 8), 0.018439292907714844, 'SF:', 48, 'SB:', 0]
[(2, 34, 9), 0.019121885299682617, 'SF:', 48, 'SB:', 0]
[(0, 33, 0), 0.003286600112915039, 'SF:', 132, 'SB:', 83]
[(0, 33, 1), 0.00693202018737793, 'SF:', 211, 'SB:', 162]
[(0, 33, 2), 0.005815029144287109, 'SF:', 217, 'SB:', 168]
[(0, 33, 3), 0.0027980804443359375, 'SF:', 112, 'SB:', 63]
[(0, 33, 4), 0.0068149566650390625, 'SF:', 227, 'SB:', 178]
[(0, 33, 5), 0.002710103988647461, 'SF:', 100, 'SB:', 51]
[(0, 33, 6), 0.006814002990722656, 'SF:', 226, 'SB:', 177]
[(0, 33, 7), 0.0023031234741210938, 'SF:', 101, 'SB:', 52]
[(0, 33, 8), 0.0068972110748291016, 'SF:', 231, 'SB:', 182]
[(0, 33, 9), 0.013235807418823242, 'SF:', 361, 'SB:', 312]
[(1, 33, 0), 0.0397489070892334, 'SF:', 132, 'SB:', 83]
[(1, 33, 1), 0.0828559398651123, 'SF:', 211, 'SB:', 162]
[(1, 33, 2), 0.0674588680267334, 'SF:', 217, 'SB:', 168]
[(1, 33, 3), 0.03838205337524414, 'SF:', 112, 'SB:', 63]
[(1, 33, 4), 0.07724475860595703, 'SF:', 227, 'SB:', 178]
[(1, 33, 5), 0.02720475196838379, 'SF:', 100, 'SB:', 51]
[(1, 33, 6), 0.08854365348815918, 'SF:', 226, 'SB:', 177]
[(1, 33, 7), 0.028594017028808594, 'SF:', 101, 'SB:', 52]
[(1, 33, 8), 0.09277486801147461, 'SF:', 231, 'SB:', 182]
[(1, 33, 9), 0.16415691375732422, 'SF:', 361, 'SB:', 312]
[(2, 33, 0), 0.01957988739013672, 'SF:', 49, 'SB:', 0]
[(2, 33, 1), 0.01953911781311035, 'SF:', 49, 'SB:', 0]
[(2, 33, 2), 0.020061016082763672, 'SF:', 49, 'SB:', 0]
[(2, 33, 3), 0.018805980682373047, 'SF:', 49, 'SB:', 0]
[(2, 33, 4), 0.021213769912719727, 'SF:', 49, 'SB:', 0]
[(2, 33, 5), 0.01945185661315918, 'SF:', 49, 'SB:', 0]
[(2, 33, 6), 0.019915103912353516, 'SF:', 49, 'SB:', 0]
[(2, 33, 7), 0.02200007438659668, 'SF:', 49, 'SB:', 0]
[(2, 33, 8), 0.019932031631469727, 'SF:', 49, 'SB:', 0]
[(2, 33, 9), 0.019692182540893555, 'SF:', 49, 'SB:', 0]
[(0, 32, 0), 0.002990245819091797, 'SF:', 121, 'SB:', 71]
[(0, 32, 1), 0.012820959091186523, 'SF:', 348, 'SB:', 298]
[(0, 32, 2), 0.007555246353149414, 'SF:', 272, 'SB:', 222]
[(0, 32, 3), 0.008478879928588867, 'SF:', 275, 'SB:', 225]
[(0, 32, 4), 0.056989192962646484, 'SF:', 1473, 'SB:', 1423]
[(0, 32, 5), 0.012377738952636719, 'SF:', 336, 'SB:', 286]
[(0, 32, 6), 0.005097150802612305, 'SF:', 147, 'SB:', 97]
[(0, 32, 7), 0.012859821319580078, 'SF:', 344, 'SB:', 294]
[(0, 32, 8), 0.029552936553955078, 'SF:', 848, 'SB:', 798]
[(0, 32, 9), 0.03071904182434082, 'SF:', 898, 'SB:', 848]
[(1, 32, 0), 0.035797119140625, 'SF:', 121, 'SB:', 71]
[(1, 32, 1), 0.15581893920898438, 'SF:', 348, 'SB:', 298]
[(1, 32, 2), 0.09156179428100586, 'SF:', 272, 'SB:', 222]
[(1, 32, 3), 0.11412692070007324, 'SF:', 275, 'SB:', 225]
[(1, 32, 4), 0.697376012802124, 'SF:', 1473, 'SB:', 1423]
[(1, 32, 5), 0.16557717323303223, 'SF:', 336, 'SB:', 286]
[(1, 32, 6), 0.04911994934082031, 'SF:', 147, 'SB:', 97]
[(1, 32, 7), 0.15327882766723633, 'SF:', 344, 'SB:', 294]
[(1, 32, 8), 0.41578006744384766, 'SF:', 848, 'SB:', 798]
[(1, 32, 9), 0.41332387924194336, 'SF:', 898, 'SB:', 848]
[(2, 32, 0), 0.0215151309967041, 'SF:', 50, 'SB:', 0]
[(2, 32, 1), 0.02192211151123047, 'SF:', 50, 'SB:', 0]
[(2, 32, 2), 0.021648883819580078, 'SF:', 50, 'SB:', 0]
[(2, 32, 3), 0.021680831909179688, 'SF:', 50, 'SB:', 0]
[(2, 32, 4), 0.02311873435974121, 'SF:', 50, 'SB:', 0]
[(2, 32, 5), 0.02225780487060547, 'SF:', 50, 'SB:', 0]
[(2, 32, 6), 0.021100997924804688, 'SF:', 50, 'SB:', 0]
[(2, 32, 7), 0.02033400535583496, 'SF:', 50, 'SB:', 0]
[(2, 32, 8), 0.020492076873779297, 'SF:', 50, 'SB:', 0]
[(2, 32, 9), 0.019516944885253906, 'SF:', 50, 'SB:', 0]
[(0, 31, 0), 0.003901243209838867, 'SF:', 117, 'SB:', 66]
[(0, 31, 1), 0.016510009765625, 'SF:', 491, 'SB:', 440]
[(0, 31, 2), 1.126945972442627, 'SF:', 29700, 'SB:', 29649]
[(0, 31, 3), 0.00794219970703125, 'SF:', 335, 'SB:', 284]
[(0, 31, 4), 0.042199134826660156, 'SF:', 1085, 'SB:', 1034]
[(0, 31, 5), 0.2709360122680664, 'SF:', 7343, 'SB:', 7292]
[(0, 31, 6), 0.06686997413635254, 'SF:', 2052, 'SB:', 2001]
[(0, 31, 7), 0.016302824020385742, 'SF:', 455, 'SB:', 404]
[(0, 31, 8), 0.008568048477172852, 'SF:', 239, 'SB:', 188]
[(0, 31, 9), 0.04512190818786621, 'SF:', 1212, 'SB:', 1161]
[(1, 31, 0), 0.03848695755004883, 'SF:', 117, 'SB:', 66]
[(1, 31, 1), 0.2543668746948242, 'SF:', 491, 'SB:', 440]
[(1, 31, 2), 14.984334707260132, 'SF:', 29700, 'SB:', 29649]
[(1, 31, 3), 0.11240291595458984, 'SF:', 335, 'SB:', 284]
[(1, 31, 4), 0.6163122653961182, 'SF:', 1085, 'SB:', 1034]
[(1, 31, 5), 3.835886001586914, 'SF:', 7343, 'SB:', 7292]
[(1, 31, 6), 0.8720059394836426, 'SF:', 2052, 'SB:', 2001]
[(1, 31, 7), 0.23501014709472656, 'SF:', 455, 'SB:', 404]
[(1, 31, 8), 0.11348176002502441, 'SF:', 239, 'SB:', 188]
[(1, 31, 9), 0.6927390098571777, 'SF:', 1212, 'SB:', 1161]
[(2, 31, 0), 0.1143338680267334, 'SF:', 133, 'SB:', 82]
[(2, 31, 1), 0.05719709396362305, 'SF:', 85, 'SB:', 34]
[(2, 31, 2), 0.4594240188598633, 'SF:', 438, 'SB:', 387]
[(2, 31, 3), 0.10795879364013672, 'SF:', 134, 'SB:', 83]
[(2, 31, 4), 0.10468816757202148, 'SF:', 123, 'SB:', 72]
[(2, 31, 5), 0.17024898529052734, 'SF:', 177, 'SB:', 126]
[(2, 31, 6), 0.39795994758605957, 'SF:', 412, 'SB:', 361]
[(2, 31, 7), 0.024571895599365234, 'SF:', 55, 'SB:', 4]
[(2, 31, 8), 0.3796541690826416, 'SF:', 367, 'SB:', 316]
[(2, 31, 9), 0.06278085708618164, 'SF:', 89, 'SB:', 38]
