[(3, 35, 0), 0.03151988983154297, 'SF:', 47, 'SB:', 0]
[(3, 35, 1), 0.03194785118103027, 'SF:', 47, 'SB:', 0]
[(3, 35, 2), 0.03177905082702637, 'SF:', 47, 'SB:', 0]
[(3, 35, 3), 0.031565189361572266, 'SF:', 47, 'SB:', 0]
[(3, 35, 4), 0.03163027763366699, 'SF:', 47, 'SB:', 0]
[(3, 35, 5), 0.029505014419555664, 'SF:', 47, 'SB:', 0]
[(3, 35, 6), 0.03189682960510254, 'SF:', 47, 'SB:', 0]
[(3, 35, 7), 0.029479026794433594, 'SF:', 47, 'SB:', 0]
[(3, 35, 8), 0.03039407730102539, 'SF:', 47, 'SB:', 0]
[(3, 35, 9), 0.02975296974182129, 'SF:', 47, 'SB:', 0]
[(3, 34, 0), 0.029587984085083008, 'SF:', 48, 'SB:', 0]
[(3, 34, 1), 0.029360294342041016, 'SF:', 48, 'SB:', 0]
[(3, 34, 2), 0.029732942581176758, 'SF:', 48, 'SB:', 0]
[(3, 34, 3), 0.030649185180664062, 'SF:', 48, 'SB:', 0]
[(3, 34, 4), 0.0311281681060791, 'SF:', 48, 'SB:', 0]
[(3, 34, 5), 0.03147101402282715, 'SF:', 48, 'SB:', 0]
[(3, 34, 6), 0.03044605255126953, 'SF:', 48, 'SB:', 0]
[(3, 34, 7), 0.031056880950927734, 'SF:', 48, 'SB:', 0]
[(3, 34, 8), 0.029526948928833008, 'SF:', 48, 'SB:', 0]
[(3, 34, 9), 0.030227184295654297, 'SF:', 48, 'SB:', 0]
[(3, 33, 0), 0.03602004051208496, 'SF:', 49, 'SB:', 0]
[(3, 33, 1), 0.037014007568359375, 'SF:', 49, 'SB:', 0]
[(3, 33, 2), 0.03136777877807617, 'SF:', 49, 'SB:', 0]
[(3, 33, 3), 0.0308530330657959, 'SF:', 49, 'SB:', 0]
[(3, 33, 4), 0.030465126037597656, 'SF:', 49, 'SB:', 0]
[(3, 33, 5), 0.030164003372192383, 'SF:', 49, 'SB:', 0]
[(3, 33, 6), 0.030246973037719727, 'SF:', 49, 'SB:', 0]
[(3, 33, 7), 0.032531023025512695, 'SF:', 49, 'SB:', 0]
[(3, 33, 8), 0.03238725662231445, 'SF:', 49, 'SB:', 0]
[(3, 33, 9), 0.03230881690979004, 'SF:', 49, 'SB:', 0]
[(3, 32, 0), 0.03222393989562988, 'SF:', 50, 'SB:', 0]
[(3, 32, 1), 0.03201103210449219, 'SF:', 50, 'SB:', 0]
[(3, 32, 2), 0.031177997589111328, 'SF:', 50, 'SB:', 0]
[(3, 32, 3), 0.03109884262084961, 'SF:', 50, 'SB:', 0]
[(3, 32, 4), 0.033453941345214844, 'SF:', 50, 'SB:', 0]
[(3, 32, 5), 0.03285384178161621, 'SF:', 50, 'SB:', 0]
[(3, 32, 6), 0.034731149673461914, 'SF:', 50, 'SB:', 0]
[(3, 32, 7), 0.031759023666381836, 'SF:', 50, 'SB:', 0]
[(3, 32, 8), 0.03141498565673828, 'SF:', 50, 'SB:', 0]
[(3, 32, 9), 0.031683921813964844, 'SF:', 50, 'SB:', 0]
[(3, 31, 0), 0.1845548152923584, 'SF:', 133, 'SB:', 82]
[(3, 31, 1), 0.08867597579956055, 'SF:', 85, 'SB:', 34]
[(3, 31, 2), 0.6929962635040283, 'SF:', 438, 'SB:', 387]
[(3, 31, 3), 0.16782307624816895, 'SF:', 134, 'SB:', 83]
[(3, 31, 4), 0.17330193519592285, 'SF:', 123, 'SB:', 72]
[(3, 31, 5), 0.27541112899780273, 'SF:', 177, 'SB:', 126]
[(3, 31, 6), 0.6288120746612549, 'SF:', 412, 'SB:', 361]
[(3, 31, 7), 0.03970694541931152, 'SF:', 55, 'SB:', 4]
[(3, 31, 8), 0.6014211177825928, 'SF:', 367, 'SB:', 316]
[(3, 31, 9), 0.09684014320373535, 'SF:', 89, 'SB:', 38]
[(3, 30, 0), 0.3620030879974365, 'SF:', 227, 'SB:', 175]
[(3, 30, 1), 0.41193294525146484, 'SF:', 264, 'SB:', 212]
[(3, 30, 2), 0.16454005241394043, 'SF:', 127, 'SB:', 75]
[(3, 30, 3), 3.0962700843811035, 'SF:', 1740, 'SB:', 1688]
[(3, 30, 4), 0.05782485008239746, 'SF:', 61, 'SB:', 9]
[(3, 30, 5), 0.05756068229675293, 'SF:', 62, 'SB:', 10]
[(3, 30, 6), 1.3808262348175049, 'SF:', 811, 'SB:', 759]
[(3, 30, 7), 0.03539609909057617, 'SF:', 52, 'SB:', 0]
[(3, 30, 8), 0.14635276794433594, 'SF:', 112, 'SB:', 60]
[(3, 30, 9), 0.07488512992858887, 'SF:', 71, 'SB:', 19]
[(3, 29, 0), 0.039018869400024414, 'SF:', 53, 'SB:', 0]
[(3, 29, 1), 0.08855795860290527, 'SF:', 77, 'SB:', 24]
[(3, 29, 2), 0.04137015342712402, 'SF:', 53, 'SB:', 0]
[(3, 29, 3), 0.04013371467590332, 'SF:', 53, 'SB:', 0]
[(3, 29, 4), 0.26468420028686523, 'SF:', 161, 'SB:', 108]
[(3, 29, 5), 0.29032278060913086, 'SF:', 175, 'SB:', 122]
[(3, 29, 6), 0.044206857681274414, 'SF:', 53, 'SB:', 0]
[(3, 29, 7), 0.30561089515686035, 'SF:', 170, 'SB:', 117]
[(3, 29, 8), 0.8283441066741943, 'SF:', 449, 'SB:', 396]
[(3, 29, 9), 0.07369804382324219, 'SF:', 74, 'SB:', 21]
[(3, 28, 0), 0.36732006072998047, 'SF:', 216, 'SB:', 162]
[(3, 28, 1), 0.04308915138244629, 'SF:', 54, 'SB:', 0]
[(3, 28, 2), 0.6851727962493896, 'SF:', 372, 'SB:', 318]
[(3, 28, 3), 0.12533903121948242, 'SF:', 101, 'SB:', 47]
[(3, 28, 4), 0.04727792739868164, 'SF:', 54, 'SB:', 0]
[(3, 28, 5), 0.1156468391418457, 'SF:', 89, 'SB:', 35]
[(3, 28, 6), 0.23705005645751953, 'SF:', 159, 'SB:', 105]
[(3, 28, 7), 1.325334072113037, 'SF:', 687, 'SB:', 633]
[(3, 28, 8), 0.1673269271850586, 'SF:', 122, 'SB:', 68]
[(3, 28, 9), 0.041725873947143555, 'SF:', 54, 'SB:', 0]
[(3, 27, 0), 0.11070895195007324, 'SF:', 88, 'SB:', 33]
[(3, 27, 1), 0.7345669269561768, 'SF:', 277, 'SB:', 222]
[(3, 27, 2), 0.7038278579711914, 'SF:', 321, 'SB:', 266]
[(3, 27, 3), 0.5480160713195801, 'SF:', 295, 'SB:', 240]
[(3, 27, 4), 1.858818769454956, 'SF:', 986, 'SB:', 931]
[(3, 27, 5), 0.07990217208862305, 'SF:', 73, 'SB:', 18]
[(3, 27, 6), 0.04320478439331055, 'SF:', 55, 'SB:', 0]
[(3, 27, 7), 0.19803118705749512, 'SF:', 137, 'SB:', 82]
[(3, 27, 8), 0.03927779197692871, 'SF:', 55, 'SB:', 0]
[(3, 27, 9), 0.7188131809234619, 'SF:', 371, 'SB:', 316]
[(3, 26, 0), 1.921520709991455, 'SF:', 901, 'SB:', 845]
[(3, 26, 1), 0.37422895431518555, 'SF:', 211, 'SB:', 155]
[(3, 26, 2), 0.160675048828125, 'SF:', 104, 'SB:', 48]
[(3, 26, 3), 0.1591329574584961, 'SF:', 117, 'SB:', 61]
[(3, 26, 4), 1.076016902923584, 'SF:', 575, 'SB:', 519]
[(3, 26, 5), 0.13318610191345215, 'SF:', 104, 'SB:', 48]
[(3, 26, 6), 0.04367208480834961, 'SF:', 56, 'SB:', 0]
[(3, 26, 7), 2.3212740421295166, 'SF:', 1235, 'SB:', 1179]
[(3, 26, 8), 0.04251503944396973, 'SF:', 56, 'SB:', 0]
[(3, 26, 9), 0.3274972438812256, 'SF:', 205, 'SB:', 149]
[(3, 25, 0), 0.04194808006286621, 'SF:', 57, 'SB:', 0]
[(3, 25, 1), 4.274969100952148, 'SF:', 1959, 'SB:', 1902]
[(3, 25, 2), 0.06572818756103516, 'SF:', 69, 'SB:', 12]
[(3, 25, 3), 0.3275148868560791, 'SF:', 206, 'SB:', 149]
[(3, 25, 4), 0.9733371734619141, 'SF:', 494, 'SB:', 437]
[(3, 25, 5), 0.1040639877319336, 'SF:', 84, 'SB:', 27]
[(3, 25, 6), 1.4110610485076904, 'SF:', 737, 'SB:', 680]
[(3, 25, 7), 0.4152979850769043, 'SF:', 263, 'SB:', 206]
[(3, 25, 8), 0.06550097465515137, 'SF:', 70, 'SB:', 13]
[(3, 25, 9), 0.1773819923400879, 'SF:', 122, 'SB:', 65]
[(3, 24, 0), 0.31427502632141113, 'SF:', 177, 'SB:', 119]
[(3, 24, 1), 1.649726152420044, 'SF:', 856, 'SB:', 798]
[(3, 24, 2), 0.11222720146179199, 'SF:', 90, 'SB:', 32]
[(3, 24, 3), 0.9687998294830322, 'SF:', 512, 'SB:', 454]
[(3, 24, 4), 1.5675420761108398, 'SF:', 704, 'SB:', 646]
[(3, 24, 5), 0.22902297973632812, 'SF:', 146, 'SB:', 88]
[(3, 24, 6), 0.3771090507507324, 'SF:', 224, 'SB:', 166]
[(3, 24, 7), 0.5026130676269531, 'SF:', 282, 'SB:', 224]
[(3, 24, 8), 0.06650924682617188, 'SF:', 66, 'SB:', 8]
[(3, 24, 9), 0.2562391757965088, 'SF:', 152, 'SB:', 94]
[(3, 23, 0), 1.137589931488037, 'SF:', 596, 'SB:', 537]
[(3, 23, 1), 5.577502965927124, 'SF:', 2733, 'SB:', 2674]
[(3, 23, 2), 1.7977850437164307, 'SF:', 981, 'SB:', 922]
[(3, 23, 3), 0.18513202667236328, 'SF:', 138, 'SB:', 79]
[(3, 23, 4), 0.4854416847229004, 'SF:', 249, 'SB:', 190]
[(3, 23, 5), 0.04255795478820801, 'SF:', 59, 'SB:', 0]
[(3, 23, 6), 5.90448522567749, 'SF:', 2994, 'SB:', 2935]
[(3, 23, 7), 3.0849499702453613, 'SF:', 1622, 'SB:', 1563]
[(3, 23, 8), 0.5624830722808838, 'SF:', 339, 'SB:', 280]
[(3, 23, 9), 0.27488207817077637, 'SF:', 181, 'SB:', 122]
[(3, 22, 0), 1.3380730152130127, 'SF:', 736, 'SB:', 676]
[(3, 22, 1), 0.0749361515045166, 'SF:', 74, 'SB:', 14]
[(3, 22, 2), 4.678705930709839, 'SF:', 2450, 'SB:', 2390]
[(3, 22, 3), 1.0715126991271973, 'SF:', 607, 'SB:', 547]
[(3, 22, 4), 7.357657194137573, 'SF:', 3725, 'SB:', 3665]
[(3, 22, 5), 0.3520350456237793, 'SF:', 197, 'SB:', 137]
[(3, 22, 6), 2.9691689014434814, 'SF:', 1454, 'SB:', 1394]
[(3, 22, 7), 1.0046720504760742, 'SF:', 539, 'SB:', 479]
[(3, 22, 8), 0.07232904434204102, 'SF:', 74, 'SB:', 14]
[(3, 22, 9), 0.09174609184265137, 'SF:', 80, 'SB:', 20]
[(3, 21, 0), 0.3735313415527344, 'SF:', 213, 'SB:', 152]
[(3, 21, 1), 0.18285894393920898, 'SF:', 128, 'SB:', 67]
[(3, 21, 2), 3.498424768447876, 'SF:', 1475, 'SB:', 1414]
[(3, 21, 3), 2.05658221244812, 'SF:', 1074, 'SB:', 1013]
[(3, 21, 4), 1.4053499698638916, 'SF:', 715, 'SB:', 654]
[(3, 21, 5), 2.062775135040283, 'SF:', 1056, 'SB:', 995]
[(3, 21, 6), 2.1379590034484863, 'SF:', 1131, 'SB:', 1070]
[(3, 21, 7), 0.5215611457824707, 'SF:', 298, 'SB:', 237]
[(3, 21, 8), 13.159496068954468, 'SF:', 6665, 'SB:', 6604]
[(3, 21, 9), 19.74196720123291, 'SF:', 9613, 'SB:', 9552]
[(3, 20, 0), 12.738348007202148, 'SF:', 6076, 'SB:', 6014]
[(3, 20, 1), 7.438630104064941, 'SF:', 3568, 'SB:', 3506]
[(3, 20, 2), 4.826196908950806, 'SF:', 2460, 'SB:', 2398]
[(3, 20, 3), 5.452975034713745, 'SF:', 2573, 'SB:', 2511]
[(3, 20, 4), 71.548348903656, 'SF:', 32687, 'SB:', 32625]
[(3, 20, 5), 20.29978585243225, 'SF:', 9561, 'SB:', 9499]
[(3, 20, 6), 0.13459014892578125, 'SF:', 96, 'SB:', 34]
[(3, 20, 7), 1.51711106300354, 'SF:', 706, 'SB:', 644]
[(3, 20, 8), 0.13581418991088867, 'SF:', 96, 'SB:', 34]
[(3, 20, 9), 10.637691020965576, 'SF:', 4816, 'SB:', 4754]
[(3, 19, 0), 5.734004020690918, 'SF:', 2878, 'SB:', 2815]
[(3, 19, 1), 10.644539833068848, 'SF:', 5005, 'SB:', 4942]
[(3, 18, 0), 6.986687898635864, 'SF:', 3361, 'SB:', 3297]
[(3, 18, 1), 23.11307120323181, 'SF:', 10391, 'SB:', 10327]
[(3, 18, 2), 61.17712616920471, 'SF:', 28844, 'SB:', 28780]
[(3, 18, 3), 1.3195669651031494, 'SF:', 664, 'SB:', 600]
[(3, 18, 4), 1.6609420776367188, 'SF:', 845, 'SB:', 781]
[(3, 18, 5), 1.7419440746307373, 'SF:', 885, 'SB:', 821]
[(3, 18, 6), 13.797969102859497, 'SF:', 6353, 'SB:', 6289]
[(3, 18, 7), 6.668089151382446, 'SF:', 3167, 'SB:', 3103]
[(3, 18, 8), 33.07032489776611, 'SF:', 14659, 'SB:', 14595]
[(3, 18, 9), 3.5680739879608154, 'SF:', 1729, 'SB:', 1665]
[(3, 17, 0), 10.247739791870117, 'SF:', 4676, 'SB:', 4611]
[(3, 17, 1), 2.602384090423584, 'SF:', 1236, 'SB:', 1171]
[(3, 17, 2), 23.51292109489441, 'SF:', 10932, 'SB:', 10867]
[(3, 17, 3), 2.137021064758301, 'SF:', 921, 'SB:', 856]
[(3, 17, 4), 68.05341386795044, 'SF:', 31794, 'SB:', 31729]
[(3, 17, 5), 6.484695196151733, 'SF:', 2737, 'SB:', 2672]
[(3, 17, 6), 16.023983001708984, 'SF:', 7541, 'SB:', 7476]
[(3, 17, 7), 6.933355808258057, 'SF:', 3200, 'SB:', 3135]
[(3, 17, 8), 23.742197036743164, 'SF:', 11066, 'SB:', 11001]
[(3, 17, 9), 2.3880350589752197, 'SF:', 1143, 'SB:', 1078]
[(0, 35, 0), 0.07482504844665527, 'SF:', 123, 'SB:', 76]
[(0, 35, 1), 0.04460477828979492, 'SF:', 113, 'SB:', 66]
[(0, 35, 2), 0.11296319961547852, 'SF:', 220, 'SB:', 173]
[(0, 35, 3), 0.08526778221130371, 'SF:', 134, 'SB:', 87]
[(0, 35, 4), 0.06296706199645996, 'SF:', 133, 'SB:', 86]
[(0, 35, 5), 0.1902449131011963, 'SF:', 294, 'SB:', 247]
[(0, 35, 6), 0.13150382041931152, 'SF:', 215, 'SB:', 168]
[(0, 35, 7), 0.043118953704833984, 'SF:', 109, 'SB:', 62]
[(0, 35, 8), 0.14362192153930664, 'SF:', 184, 'SB:', 137]
[(0, 35, 9), 0.0586390495300293, 'SF:', 126, 'SB:', 79]
[(0, 34, 0), 0.21638917922973633, 'SF:', 270, 'SB:', 222]
[(0, 34, 1), 0.19252681732177734, 'SF:', 265, 'SB:', 217]
[(0, 34, 2), 0.25766706466674805, 'SF:', 402, 'SB:', 354]
[(0, 34, 3), 0.06361174583435059, 'SF:', 135, 'SB:', 87]
[(0, 34, 4), 0.03265380859375, 'SF:', 88, 'SB:', 40]
[(0, 34, 5), 0.04827594757080078, 'SF:', 117, 'SB:', 69]
[(0, 34, 6), 0.045006752014160156, 'SF:', 112, 'SB:', 64]
[(0, 34, 7), 0.05417990684509277, 'SF:', 113, 'SB:', 65]
[(0, 34, 8), 0.03696393966674805, 'SF:', 94, 'SB:', 46]
[(0, 34, 9), 0.06497502326965332, 'SF:', 141, 'SB:', 93]
[(0, 33, 0), 0.06036686897277832, 'SF:', 132, 'SB:', 83]
[(0, 33, 1), 0.13521528244018555, 'SF:', 211, 'SB:', 162]
[(0, 33, 2), 0.10858416557312012, 'SF:', 217, 'SB:', 168]
[(0, 33, 3), 0.05911087989807129, 'SF:', 112, 'SB:', 63]
[(0, 33, 4), 0.12216711044311523, 'SF:', 227, 'SB:', 178]
[(0, 33, 5), 0.04558610916137695, 'SF:', 100, 'SB:', 51]
[(0, 33, 6), 0.12544608116149902, 'SF:', 226, 'SB:', 177]
[(0, 33, 7), 0.044490814208984375, 'SF:', 101, 'SB:', 52]
[(0, 33, 8), 0.141387939453125, 'SF:', 231, 'SB:', 182]
[(0, 33, 9), 0.27134108543395996, 'SF:', 361, 'SB:', 312]
[(0, 32, 0), 0.05640864372253418, 'SF:', 121, 'SB:', 71]
[(0, 32, 1), 0.24704480171203613, 'SF:', 348, 'SB:', 298]
[(0, 32, 2), 0.1495978832244873, 'SF:', 272, 'SB:', 222]
[(0, 32, 3), 0.17692017555236816, 'SF:', 275, 'SB:', 225]
[(0, 32, 4), 1.0763578414916992, 'SF:', 1473, 'SB:', 1423]
[(0, 32, 5), 0.27232933044433594, 'SF:', 336, 'SB:', 286]
[(0, 32, 6), 0.08166718482971191, 'SF:', 147, 'SB:', 97]
[(0, 32, 7), 0.24405717849731445, 'SF:', 344, 'SB:', 294]
[(0, 32, 8), 0.6533796787261963, 'SF:', 848, 'SB:', 798]
[(0, 32, 9), 0.6480882167816162, 'SF:', 898, 'SB:', 848]
[(0, 31, 0), 0.060961008071899414, 'SF:', 117, 'SB:', 66]
[(0, 31, 1), 0.4109518527984619, 'SF:', 491, 'SB:', 440]
[(0, 31, 2), 22.94370412826538, 'SF:', 29700, 'SB:', 29649]
[(0, 31, 3), 0.17653298377990723, 'SF:', 335, 'SB:', 284]
[(0, 31, 4), 0.9801030158996582, 'SF:', 1085, 'SB:', 1034]
[(0, 31, 5), 5.990685939788818, 'SF:', 7343, 'SB:', 7292]
[(0, 31, 6), 1.3809220790863037, 'SF:', 2052, 'SB:', 2001]
[(0, 31, 7), 0.38469409942626953, 'SF:', 455, 'SB:', 404]
[(0, 31, 8), 0.1841139793395996, 'SF:', 239, 'SB:', 188]
[(0, 31, 9), 1.104090929031372, 'SF:', 1212, 'SB:', 1161]
[(0, 30, 0), 2.5830509662628174, 'SF:', 3016, 'SB:', 2964]
[(0, 30, 1), 0.9752480983734131, 'SF:', 1184, 'SB:', 1132]
[(0, 30, 2), 15.751103401184082, 'SF:', 15652, 'SB:', 15600]
[(0, 30, 3), 3.8959197998046875, 'SF:', 5026, 'SB:', 4974]
[(0, 30, 4), 0.6847469806671143, 'SF:', 703, 'SB:', 651]
[(0, 30, 5), 19.944622039794922, 'SF:', 15261, 'SB:', 15209]
[(0, 30, 6), 1.1005041599273682, 'SF:', 1503, 'SB:', 1451]
[(0, 30, 7), 0.24485206604003906, 'SF:', 331, 'SB:', 279]
[(0, 30, 8), 0.06804704666137695, 'SF:', 120, 'SB:', 68]
[(0, 30, 9), 0.04431486129760742, 'SF:', 99, 'SB:', 47]
[(0, 29, 0), 15.932045936584473, 'SF:', 12592, 'SB:', 12539]
[(0, 29, 1), 0.5427877902984619, 'SF:', 610, 'SB:', 557]
[(0, 29, 2), 0.8194711208343506, 'SF:', 852, 'SB:', 799]
[(0, 29, 3), 7.037009000778198, 'SF:', 7420, 'SB:', 7367]
[(0, 29, 4), 4.129690885543823, 'SF:', 4264, 'SB:', 4211]
[(0, 29, 5), 7.00717306137085, 'SF:', 5657, 'SB:', 5604]
[(0, 29, 6), 0.8042287826538086, 'SF:', 919, 'SB:', 866]
[(0, 29, 7), 2.0735511779785156, 'SF:', 2394, 'SB:', 2341]
[(0, 29, 8), 8.304190158843994, 'SF:', 7971, 'SB:', 7918]
[(0, 29, 9), 0.5840601921081543, 'SF:', 664, 'SB:', 611]
[(0, 28, 0), 8.730542182922363, 'SF:', 3800, 'SB:', 3746]
[(0, 28, 1), 0.6130821704864502, 'SF:', 656, 'SB:', 602]
[(0, 28, 2), 0.654965877532959, 'SF:', 662, 'SB:', 608]
[(0, 28, 3), 0.3951549530029297, 'SF:', 489, 'SB:', 435]
[(0, 28, 4), 1.628187894821167, 'SF:', 1583, 'SB:', 1529]
[(0, 28, 5), 0.9003441333770752, 'SF:', 1266, 'SB:', 1212]
[(0, 28, 6), 0.5494730472564697, 'SF:', 702, 'SB:', 648]
[(0, 28, 7), 35.33981275558472, 'SF:', 29311, 'SB:', 29257]
[(0, 28, 8), 0.28586792945861816, 'SF:', 342, 'SB:', 288]
[(0, 28, 9), 0.24222803115844727, 'SF:', 301, 'SB:', 247]
[(0, 27, 0), 2.6749110221862793, 'SF:', 2915, 'SB:', 2860]
[(0, 27, 1), 1.1029400825500488, 'SF:', 1218, 'SB:', 1163]
[(0, 27, 2), 1.2260420322418213, 'SF:', 1183, 'SB:', 1128]
[(0, 27, 3), 0.3352780342102051, 'SF:', 405, 'SB:', 350]
[(0, 27, 4), 0.6642298698425293, 'SF:', 863, 'SB:', 808]
[(0, 27, 5), 54.12975883483887, 'SF:', 54514, 'SB:', 54459]
[(0, 27, 6), 0.7779786586761475, 'SF:', 896, 'SB:', 841]
[(0, 27, 7), 0.3173220157623291, 'SF:', 367, 'SB:', 312]
[(0, 27, 8), 2.4364850521087646, 'SF:', 2912, 'SB:', 2857]
[(0, 27, 9), 0.21318721771240234, 'SF:', 249, 'SB:', 194]
[(0, 26, 0), 3.957073926925659, 'SF:', 4623, 'SB:', 4567]
[(0, 26, 1), 18.044321060180664, 'SF:', 24763, 'SB:', 24707]
[(0, 26, 2), 1.4469759464263916, 'SF:', 1400, 'SB:', 1344]
[(0, 26, 3), 76.0590488910675, 'SF:', 62844, 'SB:', 62788]
[(0, 26, 4), 3.805476665496826, 'SF:', 3804, 'SB:', 3748]
[(0, 26, 5), 0.6036112308502197, 'SF:', 626, 'SB:', 570]
[(0, 26, 6), 3.962583065032959, 'SF:', 2964, 'SB:', 2908]
[(0, 26, 7), 128.4518530368805, 'SF:', 88520, 'SB:', 88464]
[(0, 26, 8), 4.100399017333984, 'SF:', 4932, 'SB:', 4876]
[(0, 26, 9), 4.518798112869263, 'SF:', 4952, 'SB:', 4896]
[(0, 25, 0), 9.411089897155762, 'SF:', 9846, 'SB:', 9789]
[(0, 25, 1), 6.836840391159058, 'SF:', 5106, 'SB:', 5049]
[(0, 25, 2), 4.236552953720093, 'SF:', 3771, 'SB:', 3714]
[(0, 25, 3), 3.4432079792022705, 'SF:', 3496, 'SB:', 3439]
